5 22 5 5 11 11 9 9 11 9 26 26 26 6 5 16 6 5 18 25 26 26 3 25 6 6 5 5 16 18 26 26 5 6 5 16 3 3 3 3 3 3 3 3 3 3 18 25 6 3 3 3 3 3 3 3 3 3 3 3 3 3 3 3 26 26 3 3 3 3 3 3 3 3 3 3 3 3 3 3 3 3 3 3 3 3 3 3 3 3 3 3 3 3 3 3 3 3 3 3 3 3 3 3 3 3 3 3 3 3 3 25 3 3 3 3 3 3 3 3 3 3 3 3 3 3 3 3 3 3 3 3 3 3 3 3 3 3 3 3 3 3 3 3 3 3 3 3 3 18 6 5 3 3 3 3 3 16 3 3 3 3 26 3 3 3 3 3 3 3 3 3 3 3 3 3 3 3 3 3 3 3 3 3 3 3 3 3 3 3 3 3 3 3 3 3 3 3 3 3 3 3 3 3 3 3 3 3 3 3 3 3 3 3 3 3 3 3 3 3 3 3 3 3 3 3 3 3 3 3 3 3 3 3 3 3 3 3 3 3 3 3 3 3 3 3 3 3 3
5 5 22 5 11 9 11 9 11 9 26 26 26 3 2 2
5 22 5 5 11 9 11 9 11 9 26 26 26 2 2 2
5 5 22 5 11 9 11 9 11 9 26 26 26 2 2 2
5 5 22 5 11 9 11 9 11 9 26 26 26 2 2 2
5 22 5 5 11 11 9 9 11 9 26 26 26 2 2
5 5 5 22 11 9 11 9 26 26 11 9 26 2
5 5 5 22 11 9 11 11 9 9 26 26 26 2 2 2
5 5 22 5 11 9 11 9 26 11 9 26 26 2 2 2
5 5 22 5 11 9 11 9 11 9 26 26 26 2 2
5 5 22 5 9 11 9 11 11 9 26 26 26 2 2 2
5 5 22 5 11 9 11 9 11 9 26 26 26 2 2 2
5 5 22 5 11 9 11 9 11 9 26 26 26 2 2 2
5 5 22 5 11 11 9 9 11 9 26 26 26 2 2 2
5 22 5 5 11 9 11 9 26 11 9 26 26 2 2 2
5 5 22 5 11 9 11 9 11 9 26 26 26 2 2
5 5 5 22 11 9 11 9 11 9 26 26 26 2 2
5 22 5 5 11 9 11 9 11 9 26 26 26 2 2
5 5 5 22 11 9 11 9 11 9 26 26 26 2 2
5 5 22 5 11 9 11 9 11 9 26 26 26 2
5 5 22 5 11 9 11 9 11 9 26 26 26 2
5 5 22 5 11 9 11 11 9 9 26 26 26 2 2 2
5 22 5 5 11 9 11 11 9 9 26 26 26 2
5 5 22 5 11 9 11 9 26 11 9 26 26 2 2 2
5 22 5 5 11 9 11 9 11 9 26 26 26 2 2
5 5 22 5 11 9 11 9 11 9 26 26 26 2 2 2
5 5 22 5 11 11 9 9 11 9 26 26 26 2 2
5 22 5 5 11 9 11 9 11 9 26 26 26 2 2 2
5 5 5 22 11 9 11 9 11 9 26 26 26 2 2 2
5 22 5 5 11 9 11 11 9 9 26 26 26 2 2 2
5 5 22 5 11 9 11 9 26 11 9 26 26 2 2 2
5 5 22 5 11 9 11 9 11 9 26 26 26 2 2 2
5 5 22 5 11 9 11 9 11 9 26 26 26 2
5 22 5 5 11 9 11 9 11 9 26 26 26 2 2 2
5 5 22 5 11 9 11 9 26 11 9 26 26 2 2 2
5 5 22 5 9 11 9 11 9 11 26 26 26 2 2 2
5 5 22 5 11 9 11 9 11 9 26 26 26 2 2 2
5 5 22 5 11 9 11 9 11 9 26 26 26 2 2 2
5 22 5 5 11 9 11 9 11 9 26 26 26 2 2 2
5 22 5 5 11 9 11 9 11 9 26 26 26 2 2 2
5 5 22 5 11 11 9 9 11 9 26 26 26 2 2
5 5 5 22 11 9 11 11 9 9 26 26 26 2 2 2
5 5 5 22 11 9 11 9 9 26 11 26 26 2
5 5 5 22 11 9 11 9 11 9 26 26 26 2 2 2
5 22 5 5 11 9 11 9 11 9 26 26 26 2 2 2
5 5 22 5 11 9 11 9 11 9 26 26 26 2
5 5 22 5 11 9 11 9 11 9 26 26 26 2 2 2
5 5 22 5 11 9 11 9 11 9 26 26 26 2 2 2
5 5 5 22 11 9 11 9 11 9 26 26 26 2 2 2
5 5 5 22 11 9 11 9 11 9 26 26 26 2 2 2
5 5 22 5 11 9 11 9 11 9 26 26 26 2 2
5 22 5 5 11 9 11 9 11 9 26 26 26 2 2 2
5 5 5 22 11 11 9 9 11 9 26 26 26 2 2 2
5 5 22 5 11 9 11 9 26 11 9 26 26 2 2
5 5 22 5 11 9 26 11 9 11 9 26 26 2 2 2
5 5 5 22 11 9 11 9 11 9 26 26 26 2 2 2
5 5 22 5 11 11 9 9 11 9 26 26 26 2 2 2
5 5 22 5 11 9 11 9 11 9 26 26 26 2 2 2
5 5 22 5 11 9 26 11 11 9 9 26 26 2
5 5 22 5 11 9 11 9 11 9 26 26 26 2
5 5 22 5 11 9 11 9 11 9 26 26 26 2
5 5 22 5 11 9 11 9 11 9 26 26 26 2 2 2
5 5 22 5 11 9 11 9 11 9 26 26 26 2 2 2
5 5 22 5 11 9 11 9 11 9 26 26 26 2 2 2
5 22 5 5 11 11 9 9 11 9 26 26 26 2 2 2
5 22 5 5 11 9 11 9 26 11 9 26 26 2 2 2
5 5 22 5 11 9 11 9 11 9 26 26 26 2 2 2
5 5 22 5 11 11 9 9 11 9 26 26 26 2
5 5 22 5 9 11 9 11 9 26 26 11 26 2 2 2
5 22 5 5 11 9 11 9 11 9 26 26 26 2 2 2
5 5 22 5 11 9 11 9 26 26 11 9 26 2 2
5 5 22 5 11 9 11 11 9 9 26 26 26 2 2 2
5 5 22 5 11 11 9 9 11 9 26 26 26 2 2 2
5 22 5 5 11 9 11 9 26 11 9 26 26 2 2 2
5 5 5 22 11 9 26 11 9 11 9 26 26 2 2 2
5 5 22 5 11 9 11 9 11 9 26 26 26 2
5 5 22 5 11 9 11 9 26 11 9 26 26 2 2 2
5 5 22 5 11 9 11 9 26 26 11 9 26 2 2
5 22 5 5 11 9 11 9 11 9 26 26 26 2 2
5 22 5 5 11 9 11 9 26 26 11 9 26 2 2 2
5 5 22 5 11 9 11 9 11 9 26 26 26 2 2 2
5 5 22 5 11 9 11 9 26 26 11 9 26 2
5 5 22 5 11 9 11 9 26 26 11 9 26 2
5 22 5 5 11 9 26 11 9 11 9 26 26 2
5 5 22 5 11 11 9 9 11 9 26 26 26 2 2 2
5 5 22 5 11 9 11 9 26 26 11 9 26 2 2
5 5 5 22 11 9 11 9 11 9 26 26 26 2 2 2
5 5 5 22 11 9 11 9 26 26 11 9 26 2 2 2
5 5 22 5 11 9 11 11 9 9 26 26 26 2 2 2
5 22 5 5 11 11 9 9 26 26 11 9 26 2 2 2
5 5 22 5 11 9 11 11 9 9 26 26 26 2 2 2
5 22 5 5 11 9 11 11 9 9 26 26 26 2 2 2
5 5 22 5 11 9 11 9 11 9 26 26 26 2 2 2
5 22 5 5 11 9 11 9 11 9 26 26 26 2
5 5 22 5 11 9 11 9 11 9 26 26 26 2 2 2
5 22 5 5 9 11 11 9 11 9 26 26 26 2 2 2
5 22 5 5 11 11 9 9 11 9 26 26 26 2 2 2
5 5 22 5 11 9 11 9 11 9 26 26 26 2 2 2
5 22 5 5 11 9 11 9 11 9 26 26 26 2
5 5 22 5 11 9 11 9 11 9 26 26 26 2 2 2
5 5 22 5 11 9 11 9 11 9 26 26 26 2 2 2
5 5 22 5 11 11 9 9 11 9 26 26 26 2 2 2
5 5 5 22 11 9 11 9 11 9 26 26 26 2 2
5 22 5 5 11 9 11 9 11 9 26 26 26 2 2 2
5 5 5 22 11 9 26 11 9 11 9 26 26 2 2 2
5 22 5 5 11 9 11 9 26 11 9 26 26 2 2
5 5 22 5 11 9 11 11 9 9 26 26 26 2 2 2
5 5 5 22 11 9 26 11 9 11 9 26 26 2 2 2
5 22 5 5 11 9 11 9 11 9 26 26 26 2 2 2
5 22 5 5 11 9 11 9 11 9 26 26 26 2 2 2
5 5 22 5 11 9 11 9 11 9 26 26 26 2 2
5 5 22 5 11 11 9 9 11 9 26 26 26 2 2 2
5 22 5 5 11 9 11 9 11 9 26 26 26 2
5 5 22 5 11 9 11 9 11 9 26 26 26 2 2
5 5 5 22 11 9 9 11 9 11 26 26 26 2 2 2
5 5 5 22 11 9 11 11 9 9 26 26 26 2 2 2
5 22 5 5 11 9 11 9 11 9 26 26 26 2 2
5 5 5 22 11 9 11 9 26 11 9 26 26 2 2
5 22 5 5 11 9 11 9 11 9 26 26 26 2 2
5 5 22 5 11 9 11 9 11 9 26 26 26 2 2 2
5 22 5 5 11 9 11 9 26 26 11 9 26 2 2 2
5 22 5 5 11 9 11 9 11 9 26 26 26 2 2 2
22 5 5 5 11 9 11 9 26 11 9 26 26 2 2 2
22 5 5 5 11 9 11 9 11 9 26 26 26 2 2 2
5 5 5 22 11 9 11 9 11 9 26 26 26 2 2 2
5 22 5 5 11 9 11 9 11 9 26 26 26 2 2 2
5 5 5 22 11 9 11 9 11 9 26 26 26 2 2 2
5 5 5 22 11 9 11 9 11 9 26 26 26 2 2 2
5 5 5 22 11 9 26 11 9 11 9 26 26 2 2 2
5 5 22 5 11 9 11 9 11 9 26 26 26 2 2
5 22 5 5 11 9 11 9 26 26 11 9 26 2 2 2
5 5 5 22 11 9 11 9 11 9 26 26 26 2 2 2
5 5 22 5 11 9 11 9 11 9 26 26 26 2 2
5 22 5 5 11 9 11 9 26 26 11 9 26 2 2 2
5 22 5 5 11 9 11 9 11 9 26 26 26 2 2 2
5 5 22 5 11 9 11 9 11 9 26 26 26 2 2 2
5 22 5 5 11 9 11 9 11 9 26 26 26 2 2 2
5 5 22 5 11 9 11 11 9 9 26 26 26 2 2 2
5 5 5 22 11 9 11 9 11 9 26 26 26 2 2 2
5 5 22 5 11 9 11 9 11 9 26 26 26 2 2 2
5 5 22 5 11 9 11 9 11 9 26 26 26 2 2
5 5 22 5 11 9 11 9 11 9 26 26 26 2 2 2
5 5 22 5 11 9 11 9 11 9 26 26 26 2 2 2
5 22 5 5 11 9 11 9 11 9 26 26 26 2 2
5 5 5 22 11 11 9 9 11 9 26 26 26 2 2 2
5 22 5 5 11 9 11 9 11 9 26 26 26 2 2 2
5 5 5 22 11 9 11 9 11 9 26 26 26 2 2 2
5 5 22 5 11 11 9 9 11 9 26 26 26 2 2 2
5 5 22 5 11 9 26 11 9 11 9 26 26 2 2 2
5 5 22 5 11 11 9 9 11 9 26 26 26 2 2 2
5 5 22 5 11 9 11 9 11 9 26 26 26 2
5 5 5 22 11 9 11 9 11 9 26 26 26 2 2 2
5 5 5 22 11 11 11 9 9 9 26 26 26 2 2
5 22 5 5 11 9 11 11 9 9 26 26 26 2 2 2
5 22 5 5 11 9 11 9 11 9 26 26 26 2 2 2
5 5 5 22 11 9 11 9 11 9 26 26 26 2 2 2
5 22 5 5 11 9 11 9 11 9 26 26 26 2 2 2
5 5 22 5 11 9 11 9 11 9 26 26 26 2 2 2
5 5 22 5 11 9 11 11 9 9 26 26 26 2 2
5 22 5 5 11 9 11 11 9 9 26 26 26 2 2 2
5 22 5 5 11 9 11 9 26 26 11 9 26 2 2
5 5 5 22 11 9 11 9 11 9 26 26 26 2 2 2
5 5 5 22 11 9 11 9 11 9 26 26 26 2 2
5 22 5 5 11 9 11 9 11 9 26 26 26 2 2 2
5 5 5 22 11 11 9 9 11 9 26 26 26 2 2 2
5 5 22 5 11 9 11 9 11 9 26 26 26 2
5 5 5 22 11 9 11 9 11 9 26 26 26 2 2 2
5 22 5 5 9 11 9 11 11 9 26 26 26 2 2
5 5 22 5 11 11 9 9 11 9 26 26 26 2
5 5 5 22 11 11 9 9 11 9 26 26 26 2 2
5 22 5 5 11 11 9 9 11 9 26 26 26 2
5 22 5 5 11 9 11 9 26 26 11 9 26 2 2 2
5 5 5 22 11 9 11 9 26 26 11 9 26 2 2 2
5 22 5 5 11 11 9 9 11 9 26 26 26 2 2 2
5 22 5 5 11 9 11 9 26 26 11 9 26 2
5 22 5 5 11 9 11 9 26 26 11 9 26 2 2 2
5 5 22 5 11 9 11 9 11 9 26 26 26 2 2 2
5 5 22 5 11 9 11 9 11 9 26 26 26 2 2 2
5 5 22 5 11 9 11 9 11 9 26 26 26 2 2 2
5 5 22 5 11 9 11 9 11 9 26 26 26 2 2 2
5 5 22 5 9 11 9 11 11 9 26 26 26 2 2 2
5 5 5 22 11 9 11 9 11 9 26 26 26 2 2
5 5 5 22 11 9 11 11 9 9 26 26 26 2 2 2
5 5 22 5 11 11 9 9 11 9 26 26 26 2 2 2
5 5 5 22 11 9 11 9 11 9 26 26 26 2
5 5 22 5 11 9 11 9 11 9 26 26 26 2 2 2
5 5 22 5 11 9 11 9 11 9 26 26 26 2 2 2
5 22 5 5 11 9 11 9 11 9 26 26 26 2 2 2
5 5 22 5 11 9 11 9 11 9 26 26 26 2 2 2
5 5 5 22 11 9 11 9 11 9 26 26 26 2 2
5 5 5 22 11 9 11 9 11 9 26 26 26 2 2
5 5 22 5 11 11 9 9 11 9 26 26 26 2 2 2
5 5 22 5 11 9 11 9 11 9 26 26 26 2 2 2
5 5 22 5 11 11 9 9 11 9 26 26 26 2 2 2
5 5 5 22 11 9 11 9 11 9 26 26 26 2 2
5 5 22 5 11 9 11 9 11 9 26 26 26 2
5 5 22 5 11 9 11 9 11 9 26 26 26 2
5 22 5 5 11 9 11 9 11 9 26 26 26 2 2
5 5 5 22 11 9 11 9 11 9 26 26 26 2 2 2
5 22 5 5 11 9 11 9 11 9 26 26 26 2 2 2
5 5 5 22 11 9 11 9 11 9 26 26 26 2 2 2
5 22 5 5 11 9 11 9 11 9 26 26 26 2 2 2
5 5 22 5 11 9 11 9 11 9 26 26 26 2
5 5 5 22 11 9 11 9 11 9 26 26 26 2 2 2
5 5 5 22 11 9 11 9 26 26 11 9 26 2 2 2
5 5 5 22 11 9 11 9 11 9 26 26 26 2 2
5 5 22 5 11 11 9 9 11 9 26 26 26 2 2 2
5 22 5 5 11 9 11 9 11 9 26 26 26 2
5 5 22 5 11 9 11 9 11 9 26 26 26 2 2
5 5 22 5 11 11 9 9 11 9 26 26 26 2 2 2
5 5 5 22 11 9 11 9 11 9 26 26 26 2 2 2
5 22 5 5 11 9 11 9 11 9 26 26 26 2
5 22 5 5 11 9 11 9 11 9 26 26 26 2 2
5 22 5 5 11 11 9 9 11 9 26 26 26 2 2 2
5 5 22 5 11 9 11 9 11 9 26 26 26 2 2 2
5 5 5 22 11 9 11 11 9 9 26 26 26 2 2 2
5 5 22 5 11 9 11 9 11 9 26 26 26 2 2
5 5 5 22 11 9 11 9 11 9 26 26 26 2 2 2
5 22 5 5 11 9 26 11 9 11 9 26 26 2 2
5 5 22 5 11 9 11 9 11 9 26 26 26 2 2 2
5 5 22 5 11 9 11 11 9 9 26 26 26 2 2
5 5 5 22 11 9 11 9 26 26 11 9 26 2 2
5 5 22 5 11 9 11 9 11 9 26 26 26 2 2
5 22 5 5 11 9 11 9 26 26 11 9 26 2
5 22 5 5 11 9 11 9 11 9 26 26 26 2 2 2
5 5 22 5 11 11 9 9 11 9 26 26 26 2 2 2
5 5 22 5 11 9 11 9 26 11 9 26 26 2 2 2
5 5 22 5 11 9 11 9 26 11 9 26 26 2 2
5 22 5 5 11 9 9 11 11 9 26 26 26 2
5 22 5 5 11 9 26 11 9 11 9 26 26 2 2 2
5 22 5 5 9 11 11 9 11 9 26 26 26 2
22 5 5 5 11 9 11 9 11 9 26 26 26 2 2 2
5 5 22 5 11 9 26 11 9 11 9 26 26 2 2 2
5 5 22 5 11 9 11 9 11 9 26 26 26 2 2 2
5 5 22 5 11 9 11 9 11 9 26 26 26 2 2 2
5 5 5 22 11 9 11 9 11 9 26 26 26 2
5 5 22 5 11 9 11 9 11 9 26 26 26 2 2 2
5 5 22 5 11 9 11 11 9 9 26 26 26 2 2 2
5 5 22 5 11 9 11 11 9 9 26 26 26 2 2 2
5 5 22 5 11 9 11 9 11 9 26 26 26 2 2 2
5 22 5 5 11 9 11 9 11 9 26 26 26 2 2 2
5 22 5 5 9 11 9 26 11 11 9 26 26 2
5 5 5 22 9 11 9 11 11 9 26 26 26 2 2 2
5 5 22 5 11 9 11 9 11 9 26 26 26 2 2
5 5 22 5 11 9 26 11 9 11 9 26 26 2
5 22 5 5 11 11 9 9 11 9 26 26 26 2 2 2
5 5 5 22 11 9 11 9 26 11 9 26 26 2 2 2
5 5 5 22 11 9 11 9 11 9 26 26 26 2
5 5 5 22 11 9 11 9 11 9 26 26 26 2 2 2
5 22 5 5 11 9 11 9 11 9 26 26 26 2 2 2
5 5 22 5 11 11 9 9 11 9 26 26 26 2 2
5 22 5 5 11 9 11 9 11 9 26 26 26 2 2 2
5 22 5 5 11 9 11 9 11 9 26 26 26 2
5 22 5 5 11 9 11 9 11 9 26 26 26 2
5 5 22 5 11 9 9 11 11 9 26 26 26 2 2
5 22 5 5 11 9 11 9 11 9 26 26 26
5 22 5 5 11 9 11 9 11 9 26 26 26 2 2 2
5 22 5 5 11 9 11 9 11 9 26 26 26 2
5 22 5 5 11 11 9 9 26 11 9 26 26 2 2
5 22 5 5 11 9 11 9 11 9 26 26 26 2 2 2
5 5 5 22 11 9 11 9 11 9 26 26 26 2 2 2
5 22 5 5 11 11 11 9 9 9 26 26 26 2 2
5 5 22 5 11 9 11 9 11 9 26 26 26 2 2
5 22 5 5 11 9 11 9 11 9 26 26 26 2 2
5 22 5 5 11 9 11 9 11 9 26 26 26 2
5 5 5 22 11 9 11 9 26 11 9 26 26 2
5 5 5 22 11 9 11 9 26 26 11 9 26 2 2 2
5 5 22 5 11 9 11 9 11 9 26 26 26 2 2 2
5 5 5 22 11 9 11 9 11 9 26 26 26 2 2 2
5 22 5 5 11 9 11 9 26 26 11 9 26 2 2
5 22 5 5 11 9 11 9 11 9 26 26 26 2 2
5 5 5 22 11 11 9 9 11 9 26 26 26 2 2 2
5 5 5 22 11 9 11 9 11 9 26 26 26 2 2 2
5 22 5 5 11 9 11 9 11 9 26 26 26 2 2
5 22 5 5 11 9 26 11 9 11 9 26 26 2 2 2
5 5 5 22 11 9 11 9 11 9 26 26 26 2
5 22 5 5 11 9 11 9 26 26 11 9 26 2 2 2
5 5 22 5 11 9 11 9 26 26 11 9 26 2 2
5 5 5 22 11 9 11 9 11 9 26 26 26 2
5 22 5 5 11 9 11 9 26 26 11 9 26 2 2
5 22 5 5 11 9 11 9 11 9 26 26 26 2 2
5 22 5 5 11 9 11 9 11 9 26 26 26 2 2
5 22 5 5 11 9 11 9 11 9 26 26 26 2 2 2
5 22 5 5 11 9 11 9 11 9 26 26 26 2 2 2
5 5 5 22 11 9 11 9 26 11 9 26 26 2
5 22 5 5 11 9 26 11 9 11 9 26 26 2 2 2
5 5 22 5 11 9 11 9 11 9 26 26 26 2
5 5 22 5 11 9 11 9 11 9 26 26 26 2 2 2
5 5 5 22 11 9 11 9 11 9 26 26 26 2 2 2
5 5 5 22 9 26 11 9 11 9 11 26 26 2 2 2
5 22 5 5 11 9 11 9 11 9 26 26 26 2 2 2
5 5 22 5 11 9 11 9 11 9 26 26 26
5 22 5 5 11 9 11 9 11 9 26 26 26 2 2 2
5 22 5 5 11 9 11 9 11 9 26 26 26 2
5 22 5 5 11 9 11 9 11 9 26 26 26 2
5 22 5 5 11 9 11 9 11 9 26 26 26 2 2
5 5 5 22 11 9 11 9 11 9 26 26 26 2 2
5 22 5 5 11 9 11 9 11 9 26 26 26 2
5 22 5 5 11 9 11 9 11 9 26 26 26 2
5 5 22 5 11 9 11 9 11 9 26 26 26 2
5 5 22 5 11 9 11 9 11 9 26 26 26 2 2 2
5 22 5 5 11 9 11 9 26 26 11 9 26 2 2 2
5 5 5 22 11 9 11 9 11 9 26 26 26 2
5 22 5 5 11 9 11 9 9 26 26 11 26 2 2 2
5 22 5 5 11 11 9 9 11 9 26 26 26 2
5 22 5 5 11 9 11 9 26 11 9 26 26 2 2
5 22 5 5 11 9 11 11 9 9 26 26 26 2
5 5 22 5 11 9 11 9 11 9 26 26 26 2 2
5 22 5 5 11 11 9 9 11 9 26 26 26 2
5 5 22 5 11 9 11 9 11 9 26 26 26 2 2
5 22 5 5 11 9 11 9 11 9 26 26 26
5 22 5 5 11 9 11 9 11 9 26 26 26 2 2
5 22 5 5 11 9 11 9 26 26 11 9 26 2
5 5 22 5 9 11 9 11 9 11 26 26 26 2 2
5 22 5 5 11 9 9 11 11 9 26 26 26 2 2 2
22 5 5 5 11 9 11 11 9 9 26 26 26 2 2 2
22 5 5 5 11 9 11 9 11 9 26 26 26 2 2
5 22 5 5 11 9 11 9 11 9 26 26 26 2 2 2
5 5 5 22 11 9 11 9 11 9 26 26 26 2 2 2
5 5 22 5 11 9 11 9 11 9 26 26 26 2
5 5 22 5 9 11 9 11 9 11 26 26 26 2
5 5 5 22 11 9 11 9 11 9 26 26 26 2 2 2
5 5 22 5 9 11 9 11 9 11 26 26 26 2 2
5 5 22 5 11 9 11 9 11 9 26 26 26 2 2 2
5 5 5 22 11 9 26 11 9 11 9 26 26 2 2
5 5 5 22 11 9 9 9 26 11 11 26 26 2 2 2
5 5 22 5 11 9 11 9 11 9 26 26 26 2 2
5 22 5 5 11 9 11 9 11 9 26 26 26 2 2
5 22 5 5 11 9 11 9 11 9 26 26 26 2 2
5 5 22 5 11 9 11 9 11 9 26 26 26 2 2 2
5 22 5 5 11 9 11 9 11 9 26 26 26
5 22 5 5 11 9 11 9 11 9 26 26 26 2 2 2
5 22 5 5 11 9 11 9 26 26 11 9 26 2 2
5 22 5 5 11 9 11 9 11 9 26 26 26 2 2
5 22 5 5 11 9 11 9 11 9 26 26 26 2
5 5 5 22 11 9 11 9 11 9 26 26 26 2 2 2
5 5 5 22 11 9 11 9 11 9 26 26 26 2 2
5 5 22 5 11 9 11 9 11 9 26 26 26 2 2 2
5 22 5 5 11 11 9 9 11 9 26 26 26 2 2 2
5 5 5 22 11 9 11 11 9 9 26 26 26 2 2 2
5 5 22 5 11 9 11 9 11 9 26 26 26 2 2 2
5 22 5 5 9 11 9 11 11 9 26 26 26
5 5 5 22 11 9 26 11 9 11 9 26 26 2 2 2
5 22 5 5 11 9 11 9 11 9 26 26 26
5 22 5 5 11 9 11 9 11 9 26 26 26 2 2 2
5 5 22 5 11 9 11 9 11 9 26 26 26 2 2
5 22 5 5 11 9 11 9 11 9 26 26 26 2 2 2
5 5 22 5 11 9 11 9 26 26 11 9 26 2 2 2
5 22 5 5 11 9 11 9 11 9 26 26 26 2
5 22 5 5 11 9 11 9 11 9 26 26 26
5 5 22 5 11 9 11 9 11 9 26 26 26 2 2 2
5 5 5 22 11 9 11 9 11 9 26 26 26 2 2 2
5 5 5 22 11 9 11 11 9 9 26 26 26 2 2
5 22 5 5 11 9 11 9 11 9 26 26 26 2
5 22 5 5 11 9 11 9 11 9 26 26 26 2 2
5 5 22 5 11 9 11 11 9 9 26 26 26 2 2 2
5 5 22 5 11 9 11 9 11 9 26 26 26 2 2
5 22 5 5 11 9 11 9 11 9 26 26 26 2 2 2
5 22 5 5 9 11 9 26 11 11 9 26 26 2 2
5 22 5 5 11 9 11 11 9 9 26 26 26 2
22 5 5 5 11 9 11 9 26 26 11 9 26 2 2
22 5 5 5 11 9 11 9 26 11 9 26 26 2 2 2
5 5 5 22 11 9 11 9 11 9 26 26 26 2 2 2
5 5 22 5 11 9 11 9 11 9 26 26 26 2 2
5 5 22 5 11 9 11 9 11 9 26 26 26 2 2
5 5 22 5 11 9 11 9 11 9 26 26 26 2 2
5 22 5 5 11 11 11 9 9 9 26 26 26 2
5 22 5 5 11 9 11 9 11 9 26 26 26
5 22 5 5 11 9 11 9 11 9 26 26 26 2
5 22 5 5 11 9 11 9 11 9 26 26 26
5 22 5 5 11 9 11 9 11 9 26 26 26 2
5 22 5 5 11 9 11 9 11 9 26 26 26 2 2
5 22 5 5 11 9 11 9 11 9 26 26 26 2
5 5 5 22 11 9 11 9 11 9 26 26 26 2
5 22 5 5 11 9 11 9 11 9 26 26 26 2 2
5 22 5 5 11 9 11 9 11 9 26 26 26 2 2
5 22 5 5 11 9 11 9 11 9 26 26 26 2
5 5 22 5 11 9 11 9 11 9 26 26 26 2 2 2
5 5 22 5 11 9 11 9 26 26 11 9 26 2
5 22 5 5 11 9 11 9 11 9 26 26 26 2 2 2
5 5 22 5 11 9 11 9 11 9 26 26 26 2 2
5 22 5 5 11 9 11 9 11 9 26 26 26 2
5 5 5 22 11 9 11 9 26 26 11 9 26 2 2 2
5 22 5 5 11 9 11 11 9 9 26 26 26 2
5 22 5 5 11 9 11 9 26 26 11 9 26 2
5 22 5 5 11 9 26 11 9 11 9 26 26 2 2 2
5 5 22 5 11 9 11 9 11 9 26 26 26 2
5 22 5 5 11 9 11 11 9 9 26 26 26
5 22 5 5 11 9 11 9 26 26 11 9 26 2 2
5 22 5 5 11 9 26 11 9 11 9 26 26
5 22 5 5 11 9 11 9 11 9 26 26 26 2 2
5 22 5 5 11 9 11 9 11 9 26 26 26 2 2
5 22 5 5 9 11 9 26 11 9 11 26 26 2 2
5 5 22 5 11 9 11 9 11 9 26 26 26
5 22 5 5 11 9 11 9 26 26 11 9 26 2
22 5 5 5 11 9 26 11 9 11 9 26 26
5 5 22 5 11 9 11 9 11 9 26 26 26 2 2
5 5 5 22 11 9 26 11 9 11 9 26 26 2 2 2
5 22 5 5 11 9 11 9 11 9 26 26 26 2 2
5 5 22 5 11 9 11 9 26 26 11 9 26 2 2
5 5 22 5 9 26 11 9 11 9 11 26 26 2 2
22 5 5 5 11 9 11 9 11 9 26 26 26 2 2
5 22 5 5 11 9 11 9 11 9 26 26 26 2 2
5 22 5 5 11 9 11 9 11 9 26 26 26
5 5 5 22 11 9 11 9 11 9 26 26 26 2 2
5 22 5 5 11 9 11 9 11 9 26 26 26 2 2
5 5 22 5 11 11 9 9 11 9 26 26 26 2 2
5 5 22 5 11 9 11 9 11 9 26 26 26 2 2
5 5 22 5 11 9 11 9 26 26 11 9 26 2 2
5 5 5 22 11 11 9 9 11 9 26 26 26 2 2
22 5 5 5 11 9 11 9 11 9 26 26 26 2
5 5 22 5 11 11 9 9 11 9 26 26 26 2
5 22 5 5 11 9 11 9 11 9 26 26 26 2
5 22 5 5 11 9 11 9 11 9 26 26 26 2 2
5 5 22 5 11 9 11 9 11 9 26 26 26
5 5 22 5 11 9 11 9 26 26 11 9 26 2 2 2
5 22 5 5 11 9 11 9 26 26 11 9 26 2 2
5 5 22 5 11 9 11 9 11 9 26 26 26 2
5 5 22 5 11 9 11 9 11 9 26 26 26
5 5 22 5 9 11 9 26 11 11 9 26 26 2 2
5 5 22 5 11 9 11 9 11 9 26 26 26 2 2 2
5 22 5 5 11 9 11 9 11 9 26 26 26 2 2 2
22 5 5 5 11 9 11 9 11 9 26 26 26 2 2
22 5 5 5 11 9 11 9 11 9 26 26 26 2 2
5 22 5 5 11 9 11 9 11 9 26 26 26 2 2 2
5 5 5 22 11 9 11 9 11 9 26 26 26 2
5 5 22 5 11 9 11 9 11 9 26 26 26 2 2 2
5 22 5 5 11 11 9 9 26 11 9 26 26 2 2
5 5 5 22 11 9 11 9 11 9 26 26 26 2 2
5 5 5 22 11 9 11 9 11 9 26 26 26 2
5 5 22 5 11 9 11 9 11 9 26 26 26 2
22 5 5 5 11 9 11 11 9 9 26 26 26 2 2
5 22 5 5 11 9 11 9 11 9 26 26 26 2 2 2
5 22 5 5 11 9 11 9 11 9 26 26 26 2
5 22 5 5 11 9 11 9 11 9 26 26 26 2 2 2
5 5 5 22 11 9 11 9 26 26 11 9 26 2 2
5 22 5 5 11 9 11 9 11 9 26 26 26 2
5 5 22 5 11 9 11 9 11 9 26 26 26 2
5 5 22 5 11 9 11 9 11 9 26 26 26 2
5 5 22 5 11 9 11 9 11 9 26 26 26 2
5 5 5 22 11 9 11 9 11 9 26 26 26 2 2
5 5 22 5 11 9 11 9 11 9 26 26 26 2 2
5 22 5 5 11 9 11 9 26 26 11 9 26 2 2
5 22 5 5 11 9 11 9 11 9 26 26 26 2 2
5 5 22 5 11 9 11 9 11 9 26 26 26 2
5 22 5 5 11 9 11 9 11 9 26 26 26 2 2
5 5 5 22 11 9 11 9 11 9 26 26 26 2
5 5 22 5 11 9 11 9 11 9 26 26 26
5 22 5 5 11 9 11 9 11 9 26 26 26 2 2
5 22 5 5 11 9 11 9 11 9 26 26 26 2 2
5 5 5 22 11 9 11 9 11 9 26 26 26 2
5 5 22 5 11 9 11 9 11 9 26 26 26
5 22 5 5 11 9 11 9 11 9 26 26 26 2 2
5 22 5 5 11 9 11 9 11 9 26 26 26 2
5 5 5 22 9 11 9 11 9 26 26 11 26 2
5 22 5 5 11 9 9 11 9 11 26 26 26
5 5 22 5 11 9 11 9 11 9 26 26 26 2 2
5 5 5 22 11 9 11 9 11 9 26 26 26 2
5 22 5 5 11 9 11 9 11 9 26 26 26 2 2
22 5 5 5 11 9 11 9 11 9 26 26 26 2 2
5 5 22 5 11 9 11 9 11 9 26 26 26 2 2 2
5 5 22 5 11 9 11 9 11 9 26 26 26
5 5 22 5 11 9 11 9 11 9 26 26 26 2 2
5 5 22 5 11 11 9 9 11 9 26 26 26 2
5 22 5 5 11 9 11 9 11 9 26 26 26
5 5 22 5 11 9 11 9 11 9 26 26 26 2 2
5 22 5 5 11 9 11 9 11 9 26 26 26 2 2
5 5 22 5 11 9 11 9 11 9 26 26 26
5 5 22 5 11 9 9 11 9 26 26 11 26 2 2
5 22 5 5 11 9 11 9 11 9 26 26 26 2 2
22 5 5 5 11 9 11 9 26 11 9 26 26 2
5 22 5 5 11 9 11 9 26 26 11 9 26 2
5 22 5 5 11 9 11 9 11 9 26 26 26
5 22 5 5 11 9 11 9 11 9 26 26 26 2
5 5 5 22 11 9 11 9 11 9 26 26 26 2
5 5 5 22 11 9 11 9 11 9 26 26 26 2 2
5 22 5 5 11 9 11 9 11 9 26 26 26 2
22 5 5 5 11 9 11 9 11 9 26 26 26 2 2
5 5 22 5 11 9 11 9 11 9 26 26 26
5 22 5 5 11 9 11 9 11 9 26 26 26
5 5 22 5 11 9 11 9 11 9 26 26 26 2
5 5 22 5 11 9 11 9 11 9 26 26 26
5 5 22 5 11 9 11 9 11 9 26 26 26 2
5 22 5 5 11 9 11 9 11 9 26 26 26 2
5 22 5 5 11 9 11 9 11 9 26 26 26 2 2
5 22 5 5 11 9 11 9 11 9 26 26 26 2
5 22 5 5 11 9 11 9 9 26 26 11 26 2
22 5 5 5 11 9 11 9 11 9 26 26 26 2 2
5 5 22 5 11 9 11 9 11 9 26 26 26
5 5 22 5 11 9 11 9 11 9 26 26 26 2
5 22 5 5 11 9 11 9 11 9 26 26 26 2
5 5 5 22 11 9 11 9 11 9 26 26 26 2 2 2
5 22 5 5 11 9 11 9 11 9 26 26 26 2
5 5 22 5 11 9 11 9 11 9 26 26 26 2
5 22 5 5 11 11 9 9 11 9 26 26 26 2 2
5 22 5 5 11 9 11 9 11 9 26 26 26 2 2
5 5 22 5 11 9 11 9 11 9 26 26 26
5 5 22 5 11 9 11 9 11 9 26 26 26 2
5 22 5 5 11 9 11 9 11 9 26 26 26 2 2 2
22 5 5 5 11 9 11 9 11 9 26 26 26 2
22 5 5 5 11 9 11 9 11 9 26 26 26
5 5 5 22 11 9 11 9 11 9 26 26 26 2
5 5 22 5 11 9 11 9 11 9 26 26 26 2
5 22 5 5 11 9 26 11 9 11 9 26 26
5 5 5 22 11 11 9 9 26 26 11 9 26
5 22 5 5 11 11 9 9 11 9 26 26 26 2
5 5 22 5 11 9 11 9 11 9 26 26 26
5 5 22 5 11 9 11 9 11 9 26 26 26
5 22 5 5 11 9 11 11 9 9 26 26 26
5 5 5 22 11 9 11 9 11 9 26 26 26 2 2
5 5 5 22 11 9 11 9 11 9 26 26 26
5 5 22 5 11 9 11 9 11 9 26 26 26 2
5 22 5 5 11 11 9 9 26 11 9 26 26 2
5 5 22 5 11 11 9 9 11 9 26 26 26 2
5 5 22 5 11 9 11 11 9 9 26 26 26 2 2
5 22 5 5 11 9 11 9 11 9 26 26 26 2 2
5 5 22 5 11 9 11 9 11 9 26 26 26
5 5 22 5 11 11 11 9 9 9 26 26 26 2 2
5 5 22 5 11 9 11 9 11 9 26 26 26 2 2
5 22 5 5 11 9 11 9 11 9 26 26 26 2
5 22 5 5 9 11 9 11 11 9 26 26 26
5 22 5 5 11 9 11 9 26 26 11 9 26 2 2
22 5 5 5 9 11 9 26 11 11 9 26 26 2 2
22 5 5 5 11 9 11 11 9 9 26 26 26
5 5 5 22 11 9 11 9 11 9 26 26 26 2 2 2
5 5 5 22 9 26 11 9 11 9 11 26 26
5 5 22 5 11 9 11 9 11 9 26 26 26 2
5 5 22 5 11 9 11 11 9 9 26 26 26
5 5 5 22 11 9 11 9 11 9 26 26 26 2 2
5 5 22 5 11 9 11 9 11 9 26 26 26
5 5 22 5 11 9 11 9 26 11 9 26 26 2
5 5 5 22 11 11 9 9 11 9 26 26 26 2 2 2
5 22 5 5 11 9 11 9 26 26 11 9 26 2
5 5 22 5 11 9 11 9 11 9 26 26 26 2
5 22 5 5 11 9 11 9 11 9 26 26 26 2
5 22 5 5 11 9 11 9 11 9 26 26 26 2
5 5 22 5 11 9 11 9 11 9 26 26 26 2
5 5 5 22 11 11 9 9 11 9 26 26 26 2
5 5 22 5 11 9 11 9 11 9 26 26 26 2
5 5 5 22 11 9 11 9 11 9 26 26 26 2 2
5 5 5 22 11 9 11 11 9 9 26 26 26
5 22 5 5 11 9 11 9 11 9 26 26 26 2
5 5 22 5 11 9 11 9 11 9 26 26 26
5 5 22 5 11 9 11 9 11 9 26 26 26 2
5 22 5 5 11 9 11 9 11 9 26 26 26 2
5 22 5 5 11 9 11 9 11 9 26 26 26
22 5 5 5 11 9 11 9 26 26 11 9 26 2
22 5 5 5 11 9 11 9 11 9 26 26 26
5 22 5 5 11 9 11 9 11 9 26 26 26
5 5 22 5 11 9 11 9 11 9 26 26 26
5 22 5 5 11 9 11 9 26 26 11 9 26
5 5 5 22 11 9 11 9 11 9 26 26 26 2 2 2
5 5 5 22 11 11 9 9 11 9 26 26 26
5 22 5 5 11 9 9 11 9 26 11 26 26
5 22 5 5 11 9 11 9 11 9 26 26 26 2
5 22 5 5 11 9 11 9 11 9 26 26 26
5 5 22 5 11 9 11 11 9 9 26 26 26
5 22 5 5 11 9 11 9 26 26 11 9 26 2 2
5 5 22 5 11 9 11 9 26 11 9 26 26 2
5 5 22 5 11 9 11 9 11 9 26 26 26 2
5 5 22 5 11 11 9 9 11 9 26 26 26 2
5 5 22 5 11 9 11 9 11 9 26 26 26
5 5 5 22 11 9 11 9 26 26 11 9 26 2 2
5 5 22 5 11 9 11 9 11 9 26 26 26
5 5 22 5 11 9 11 9 11 9 26 26 26 2
5 5 22 5 11 9 11 9 11 9 26 26 26 2 2
5 5 22 5 11 9 11 9 11 9 26 26 26 2
5 22 5 5 11 9 11 9 11 9 26 26 26 2 2
5 22 5 5 11 9 11 9 26 26 11 9 26
22 5 5 5 11 9 11 9 26 26 11 9 26
22 5 5 5 11 9 11 9 11 9 26 26 26
5 5 22 5 11 9 11 9 11 9 26 26 26
5 5 22 5 11 9 11 9 11 9 26 26 26 2
5 5 5 22 11 9 11 9 11 9 26 26 26 2
5 5 22 5 11 9 11 9 11 9 26 26 26 2
5 22 5 5 11 9 11 9 26 11 9 26 26
5 5 5 22 11 9 11 9 11 9 26 26 26 2
5 5 5 22 11 9 11 9 11 9 26 26 26
5 22 5 5 11 9 11 11 9 9 26 26 26 2
5 5 22 5 11 9 11 9 26 26 11 9 26 2
5 22 5 5 11 9 11 9 11 9 26 26 26 2
5 5 22 5 11 9 11 9 26 26 11 9 26 2
5 5 5 22 11 9 11 9 11 9 26 26 26 2
5 5 22 5 11 9 11 9 11 9 26 26 26 2 2 2
5 5 5 22 11 9 11 9 11 9 26 26 26
5 22 5 5 11 9 11 9 11 9 26 26 26 2
5 5 22 5 11 9 11 9 26 11 9 26 26 2
5 5 22 5 11 9 11 9 11 9 26 26 26 2
5 22 5 5 11 9 11 11 9 9 26 26 26 2 2
5 5 22 5 11 9 11 9 11 9 26 26 26
5 22 5 5 11 9 11 9 26 11 9 26 26
5 22 5 5 11 9 11 9 11 9 26 26 26 2 2
5 22 5 5 11 9 11 9 26 26 11 9 26 2 2
5 5 5 22 11 9 11 9 11 9 26 26 26 2
5 5 22 5 11 9 11 9 11 9 26 26 26 2 2
5 5 5 22 11 9 11 9 11 9 26 26 26 2
5 22 5 5 11 9 11 9 11 9 26 26 26 2
5 5 5 22 11 9 11 9 26 26 11 9 26 2 2
5 5 22 5 11 9 11 9 11 9 26 26 26
5 22 5 5 11 9 11 9 11 9 26 26 26 2
5 5 5 22 11 9 11 9 26 26 11 9 26
5 22 5 5 11 9 11 9 11 9 26 26 26 2
5 5 22 5 9 11 9 11 26 26 11 9 26
5 22 5 5 11 9 11 9 11 9 26 26 26 2
5 5 22 5 11 9 11 9 11 9 26 26 26 2
5 5 22 5 11 9 11 9 11 9 26 26 26 2 2
5 22 5 5 11 9 11 9 11 9 26 26 26 2
5 22 5 5 11 9 11 9 26 26 11 9 26 2
5 22 5 5 11 9 11 9 26 11 9 26 26
5 5 22 5 11 9 9 26 11 11 9 26 26
5 22 5 5 11 9 11 9 11 9 26 26 26
22 5 5 5 11 9 11 9 11 9 26 26 26 2
22 5 5 5 11 9 11 9 11 9 26 26 26 2 2
5 5 22 5 11 9 11 9 11 9 26 26 26 2 2
5 5 5 22 11 9 11 9 11 9 26 26 26
5 5 22 5 11 9 11 9 11 9 26 26 26
5 22 5 5 11 9 11 9 11 9 26 26 26
5 5 5 22 11 9 11 9 11 9 26 26 26
5 5 22 5 11 9 11 9 11 9 26 26 26 2 2 2
5 5 22 5 11 9 11 11 9 9 26 26 26 2
5 5 5 22 11 9 11 9 11 9 26 26 26 2
5 5 22 5 11 9 11 9 11 9 26 26 26 2
5 22 5 5 11 9 26 11 9 11 9 26 26
5 22 5 5 11 9 11 9 11 9 26 26 26 2
5 22 5 5 11 11 9 9 26 26 11 9 26 2
5 22 5 5 11 9 11 9 11 9 26 26 26 2 2
5 5 22 5 11 9 11 9 11 9 26 26 26
5 5 5 22 11 9 11 9 11 9 26 26 26 2 2
5 5 22 5 11 9 11 9 26 26 11 9 26 2
5 5 22 5 11 9 11 9 11 9 26 26 26
5 5 22 5 11 11 9 9 11 9 26 26 26 2
5 22 5 5 11 9 11 9 26 26 11 9 26 2
5 5 22 5 11 9 11 9 26 26 11 9 26
5 5 22 5 11 11 11 9 9 9 26 26 26 2 2
5 22 5 5 11 9 11 9 11 9 26 26 26
5 22 5 5 11 9 11 11 9 9 26 26 26
5 5 22 5 11 9 11 9 11 9 26 26 26 2 2
5 22 5 5 11 9 11 9 26 26 11 9 26
5 5 22 5 11 9 11 9 26 11 9 26 26
5 5 22 5 11 9 11 9 11 9 26 26 26 2
5 22 5 5 11 9 11 9 26 26 11 9 26 2
5 5 22 5 11 11 9 9 11 9 26 26 26 2 2
5 22 5 5 11 9 11 9 11 9 26 26 26 2 2
5 22 5 5 11 9 11 9 11 9 26 26 26 2
5 22 5 5 11 9 11 9 11 9 26 26 26
5 22 5 5 11 9 11 9 11 9 26 26 26 2
22 5 5 5 11 9 11 9 26 26 11 9 26
5 5 22 5 11 9 11 9 11 9 26 26 26 2 2
5 22 5 5 11 9 11 9 11 9 26 26 26 2
5 22 5 5 11 11 9 9 11 9 26 26 26 2 2
5 5 22 5 11 9 11 9 26 26 11 9 26
5 22 5 5 11 11 9 9 11 9 26 26 26 2
5 5 22 5 11 9 11 9 11 9 26 26 26 2
5 22 5 5 11 9 11 9 11 9 26 26 26 2 2 2
5 22 5 5 11 9 11 9 11 9 26 26 26
5 22 5 5 11 9 11 9 26 26 11 9 26
5 22 5 5 11 9 11 9 11 9 26 26 26
5 5 22 5 11 9 11 9 11 9 26 26 26
5 5 22 5 11 9 11 11 9 9 26 26 26
5 22 5 5 11 9 11 9 11 9 26 26 26 2
5 22 5 5 11 11 9 9 11 9 26 26 26 2
5 22 5 5 11 9 11 9 26 11 9 26 26
5 5 5 22 11 9 11 9 11 9 26 26 26 2 2
5 5 22 5 11 9 11 9 11 9 26 26 26
5 5 22 5 11 9 11 9 11 9 26 26 26 2 2
5 5 22 5 11 9 11 9 11 9 26 26 26 2
5 22 5 5 11 9 11 9 11 9 26 26 26
5 5 22 5 11 9 11 9 11 9 26 26 26 2
5 22 5 5 11 9 11 9 11 9 26 26 26 2
5 5 22 5 11 9 11 9 11 9 26 26 26
5 22 5 5 11 9 11 9 11 9 26 26 26 2
22 5 5 5 11 9 11 9 11 9 26 26 26
22 5 5 5 11 9 11 9 11 9 26 26 26 2 2
5 5 22 5 11 9 11 9 11 9 26 26 26
5 5 22 5 11 9 11 9 26 26 11 9 26 2
5 5 5 22 11 9 11 9 11 9 26 26 26 2 2 2
5 5 5 22 11 9 11 9 11 9 26 26 26 2
5 5 22 5 11 9 11 9 11 9 26 26 26 2
5 5 5 22 11 11 9 9 11 9 26 26 26
5 5 22 5 11 9 11 9 11 9 26 26 26
5 5 22 5 11 9 11 9 11 9 26 26 26 2
5 5 22 5 11 9 11 9 11 9 26 26 26 2
5 22 5 5 11 9 11 9 11 9 26 26 26 2 2
5 22 5 5 11 9 11 11 9 9 26 26 26 2
22 5 5 5 11 9 11 11 9 9 26 26 26 2 2
5 5 22 5 11 9 11 9 11 9 26 26 26 2
5 22 5 5 11 9 11 9 11 9 26 26 26 2 2
5 5 22 5 11 9 11 9 11 9 26 26 26
5 22 5 5 11 9 11 9 11 9 26 26 26
5 5 5 22 11 9 11 9 11 9 26 26 26 2 2
5 5 22 5 11 9 11 9 11 9 26 26 26
5 5 22 5 11 9 11 9 11 9 26 26 26 2
5 5 5 22 11 9 11 9 11 9 26 26 26 2
5 5 5 22 11 9 11 9 11 9 26 26 26
5 22 5 5 11 9 11 9 11 9 26 26 26 2
5 5 5 22 11 9 11 9 11 9 26 26 26 2
5 22 5 5 11 9 9 9 11 11 26 26 26 2
5 5 22 5 11 9 11 9 11 9 26 26 26 2 2
5 22 5 5 11 11 9 9 11 9 26 26 26 2 2
5 22 5 5 11 9 11 9 11 9 26 26 26 2
5 5 5 22 11 9 11 9 11 9 26 26 26
5 5 22 5 11 9 11 9 11 9 26 26 26 2
5 5 22 5 11 9 11 11 9 9 26 26 26 2
5 22 5 5 11 9 11 9 11 9 26 26 26 2 2 2
5 5 5 22 11 9 11 9 26 26 11 9 26 2
5 22 5 5 9 11 9 11 11 9 26 26 26
5 5 5 22 11 9 11 11 9 9 26 26 26 2
5 5 5 22 11 11 9 9 11 9 26 26 26 2 2
5 5 5 22 11 9 11 9 26 11 9 26 26
5 5 5 22 11 9 11 9 11 9 26 26 26 2
5 5 22 5 11 9 11 9 26 11 9 26 26
5 5 5 22 11 9 11 9 11 9 26 26 26
5 22 5 5 11 9 11 9 26 11 9 26 26 2 2
5 5 22 5 11 9 11 9 11 9 26 26 26 2
22 5 5 5 11 9 11 9 11 9 26 26 26
5 5 22 5 11 9 11 9 26 26 11 9 26
5 5 5 22 11 9 11 9 26 26 11 9 26
5 22 5 5 11 9 11 9 11 9 26 26 26
5 22 5 5 11 9 11 9 11 9 26 26 26
5 5 5 22 11 9 11 9 26 11 9 26 26
5 5 22 5 11 9 11 9 11 9 26 26 26 2 2
5 22 5 5 11 9 11 9 26 11 9 26 26
5 22 5 5 11 9 11 9 11 9 26 26 26
5 5 22 5 11 11 9 9 11 9 26 26 26 2
5 22 5 5 11 9 11 9 11 9 26 26 26
5 5 5 22 11 9 11 9 11 9 26 26 26
5 22 5 5 11 9 11 9 11 9 26 26 26
5 5 22 5 11 9 11 9 11 9 26 26 26 2
5 22 5 5 11 9 11 9 11 9 26 26 26 2
5 22 5 5 11 9 11 9 11 9 26 26 26
5 22 5 5 11 9 11 9 11 9 26 26 26
22 5 5 5 11 9 11 9 11 9 26 26 26 2
5 5 22 5 11 9 11 9 11 9 26 26 26
5 5 22 5 11 9 11 9 11 9 26 26 26 2
5 5 5 22 11 9 11 9 11 9 26 26 26 2 2
5 22 5 5 11 9 11 9 11 9 26 26 26 2
5 22 5 5 11 9 11 9 11 9 26 26 26
5 5 5 22 11 9 11 9 11 9 26 26 26 2
5 22 5 5 11 9 11 9 11 9 26 26 26 2 2
5 5 5 22 11 9 11 9 11 9 26 26 26
5 5 5 22 11 9 11 9 11 9 26 26 26 2 2
5 22 5 5 11 9 11 9 11 9 26 26 26 2
5 22 5 5 11 9 11 9 11 9 26 26 26
22 5 5 5 11 9 26 11 9 11 9 26 26
22 5 5 5 11 9 11 9 11 9 26 26 26
22 5 5 5 11 9 11 9 11 9 26 26 26 2 2
5 5 22 5 11 9 11 9 11 9 26 26 26 2 2 2
5 22 5 5 11 9 26 11 9 11 9 26 26
5 5 22 5 11 9 11 9 11 9 26 26 26
5 22 5 5 11 9 11 9 11 9 26 26 26 2
5 5 22 5 11 9 11 9 11 9 26 26 26
5 5 5 22 11 9 11 9 11 9 26 26 26
5 22 5 5 9 11 9 11 9 11 26 26 26 2
5 22 5 5 11 9 11 9 11 9 26 26 26
5 22 5 5 11 9 11 9 11 9 26 26 26
5 5 22 5 11 9 11 9 11 9 26 26 26
5 5 5 22 11 9 11 9 26 26 11 9 26 2
5 5 5 22 11 9 11 9 11 9 26 26 26 2
5 5 22 5 11 11 9 9 11 9 26 26 26
5 5 5 22 11 9 11 9 11 9 26 26 26 2 2
5 5 5 22 11 11 9 9 11 9 26 26 26
5 5 5 22 11 9 11 9 11 9 26 26 26 2
5 5 5 22 11 9 11 9 11 9 26 26 26
5 22 5 5 11 9 11 9 11 9 26 26 26 2
5 22 5 5 11 9 11 9 11 9 26 26 26 2
5 22 5 5 11 9 11 9 11 9 26 26 26
22 5 5 5 11 9 11 11 9 9 26 26 26 2
5 5 22 5 11 9 11 9 26 11 9 26 26 2
5 5 5 22 11 9 11 9 11 9 26 26 26 2
5 5 5 22 11 9 11 9 11 9 26 26 26 2
5 5 22 5 11 9 11 9 11 9 26 26 26
5 22 5 5 11 9 11 9 11 9 26 26 26
5 5 5 22 11 9 11 9 26 26 11 9 26 2
5 22 5 5 11 9 11 9 11 9 26 26 26 2 2
5 22 5 5 11 9 11 9 11 9 26 26 26 2
5 22 5 5 11 9 11 9 11 9 26 26 26 2
5 22 5 5 11 9 11 9 11 9 26 26 26
5 22 5 5 11 9 11 9 11 9 26 26 26
5 22 5 5 11 9 11 9 11 9 26 26 26
5 5 22 5 11 9 26 11 9 11 9 26 26 2
5 5 5 22 11 9 11 9 11 9 26 26 26
5 5 22 5 11 9 11 9 11 9 26 26 26 2
5 22 5 5 11 9 26 11 9 11 9 26 26
5 5 5 22 11 9 11 9 11 9 26 26 26
5 5 22 5 11 9 11 9 11 9 26 26 26 2
5 22 5 5 11 9 11 9 11 9 26 26 26 2 2
5 5 22 5 11 9 11 9 11 9 26 26 26 2
5 22 5 5 11 9 11 9 11 9 26 26 26 2 2
5 5 22 5 11 9 11 9 11 9 26 26 26
5 5 22 5 11 9 11 9 11 9 26 26 26
5 22 5 5 11 9 26 11 9 11 9 26 26 2 2
5 5 22 5 11 9 11 9 11 9 26 26 26
5 5 5 22 11 9 11 9 11 9 26 26 26 2
5 5 5 22 11 11 9 9 11 9 26 26 26
5 5 5 22 11 9 11 9 26 26 11 9 26 2 2
5 5 5 22 11 9 11 9 11 9 26 26 26 2
5 22 5 5 11 9 11 9 11 9 26 26 26 2
5 22 5 5 11 9 11 9 11 9 26 26 26 2
5 22 5 5 9 11 9 11 11 9 26 26 26
5 5 5 22 11 9 26 11 9 11 9 26 26
5 5 22 5 11 11 9 9 11 9 26 26 26
5 5 22 5 11 9 11 9 11 9 26 26 26 2
5 22 5 5 11 9 11 9 11 9 26 26 26 2
5 22 5 5 11 9 11 9 11 9 26 26 26
5 5 22 5 11 9 11 9 11 9 26 26 26
5 5 22 5 11 9 11 9 11 9 26 26 26 2 2
5 5 22 5 11 9 11 9 11 9 26 26 26
5 22 5 5 11 9 11 9 26 26 11 9 26 2
22 5 5 5 11 9 11 9 11 9 26 26 26
5 5 5 22 11 9 26 11 9 11 9 26 26
5 5 22 5 11 9 11 9 11 9 26 26 26
5 22 5 5 11 9 11 9 11 9 26 26 26 2
5 5 22 5 11 9 11 9 11 9 26 26 26
5 5 5 22 11 9 11 9 11 9 26 26 26 2 2
5 5 5 22 11 9 11 9 11 9 26 26 26
5 22 5 5 11 9 11 9 11 9 26 26 26 2 2
5 22 5 5 9 11 9 26 26 11 11 9 26 2
5 22 5 5 11 9 11 9 11 9 26 26 26 2 2 2
5 22 5 5 11 9 11 9 26 11 9 26 26
22 5 5 5 11 9 11 9 11 9 26 26 26
5 5 5 22 11 9 11 9 11 9 26 26 26
5 5 5 22 11 9 11 9 11 9 26 26 26 2
5 22 5 5 11 9 11 9 11 9 26 26 26
5 5 22 5 11 9 11 9 11 9 26 26 26
5 5 22 5 11 9 11 9 11 9 26 26 26 2
5 5 22 5 11 9 11 9 11 9 26 26 26 2 2
5 5 5 22 11 9 11 9 11 9 26 26 26 2 2
5 22 5 5 11 9 11 9 11 9 26 26 26
5 22 5 5 11 9 11 9 26 11 9 26 26 2
5 5 5 22 11 11 9 9 26 26 11 9 26
5 5 22 5 11 9 9 11 9 11 26 26 26 2
5 5 22 5 11 9 11 9 11 9 26 26 26
5 22 5 5 11 9 11 9 11 9 26 26 26
22 5 5 5 11 9 11 9 11 9 26 26 26 2 2
22 5 5 5 11 11 9 9 11 9 26 26 26
5 5 22 5 11 9 11 9 11 9 26 26 26 2
5 5 22 5 11 9 11 9 11 9 26 26 26
5 5 5 22 11 9 11 9 26 26 11 9 26
5 22 5 5 11 9 11 9 11 9 26 26 26 2 2
5 22 5 5 11 9 26 11 9 11 9 26 26 2
5 5 5 22 11 9 11 9 11 9 26 26 26 2
5 22 5 5 11 9 11 9 11 9 26 26 26 2
5 22 5 5 11 11 9 9 26 11 9 26 26 2
5 22 5 5 11 9 11 9 11 9 26 26 26
5 22 5 5 11 9 11 9 11 9 26 26 26 2
5 22 5 5 11 9 11 9 11 9 26 26 26
5 22 5 5 11 9 11 9 11 9 26 26 26 2
5 22 5 5 11 9 11 9 11 9 26 26 26
5 5 5 22 11 9 11 9 26 26 11 9 26 2
5 5 5 22 11 9 11 9 26 26 11 9 26
5 5 5 22 11 9 11 9 11 9 26 26 26 2
5 5 5 22 11 9 11 9 11 9 26 26 26 2
5 22 5 5 11 9 11 11 9 9 26 26 26 2
5 5 22 5 11 9 11 11 9 9 26 26 26 2
5 5 5 22 11 9 11 9 26 11 9 26 26
5 22 5 5 11 9 11 9 26 26 11 9 26 2
5 22 5 5 11 11 9 9 11 9 26 26 26
5 5 22 5 11 9 11 9 26 26 26 11 9
5 22 5 5 11 9 11 9 11 9 26 26 26 2
5 5 22 5 11 9 11 9 26 26 11 9 26 2 2
5 5 5 22 11 9 11 9 11 9 26 26 26 2
5 22 5 5 11 9 11 9 11 9 26 26 26
22 5 5 5 11 9 11 9 11 9 26 26 26
5 5 5 22 11 9 26 11 9 11 9 26 26
5 5 22 5 11 9 11 9 26 26 11 9 26 2
5 5 5 22 11 9 11 9 11 9 26 26 26
5 5 22 5 11 9 11 11 9 9 26 26 26 2
5 22 5 5 11 9 11 9 11 9 26 26 26 2
5 22 5 5 11 9 11 9 11 9 26 26 26
5 5 22 5 11 9 11 9 11 9 26 26 26
5 22 5 5 11 9 11 9 11 9 26 26 26
5 22 5 5 11 9 11 9 11 9 26 26 26 2
5 22 5 5 11 11 9 9 11 9 26 26 26 2
22 5 5 5 11 9 11 9 11 9 26 26 26
22 5 5 5 11 9 11 9 26 26 11 9 26 2 2
5 5 22 5 11 9 11 9 11 9 26 26 26
5 5 22 5 11 9 11 9 11 9 26 26 26
5 22 5 5 11 9 11 9 11 9 26 26 26 2
5 22 5 5 11 11 9 9 11 9 26 26 26
5 5 22 5 11 9 11 9 11 9 26 26 26
22 5 5 5 11 9 11 9 11 9 26 26 26
5 22 5 5 11 9 11 9 11 9 26 26 26 2 2 2
5 22 5 5 11 9 11 9 11 9 26 26 26 2
5 22 5 5 11 9 11 9 11 9 26 26 26
5 5 5 22 11 9 9 11 9 26 26 11 26
5 5 22 5 11 9 11 9 11 9 26 26 26
5 5 22 5 11 9 11 9 11 9 26 26 26 2
5 22 5 5 11 9 11 9 11 9 26 26 26
5 5 22 5 11 9 11 9 11 9 26 26 26 2 2
5 22 5 5 11 9 11 9 11 9 26 26 26
5 22 5 5 11 9 11 9 11 9 26 26 26
5 5 22 5 11 9 11 9 26 11 9 26 26 2
5 22 5 5 9 26 11 11 9 11 9 26 26
5 22 5 5 11 9 11 11 9 9 26 26 26 2
22 5 5 5 11 9 11 9 11 9 26 26 26 2
5 5 5 22 11 9 11 9 26 26 11 9 26
5 5 5 22 9 11 9 11 9 11 26 26 26 2
5 5 5 22 11 9 11 9 11 9 26 26 26
5 5 5 22 11 11 9 9 11 9 26 26 26
5 5 22 5 11 9 11 9 11 9 26 26 26 2
5 22 5 5 11 9 11 9 11 9 26 26 26 2
5 5 22 5 11 9 11 9 11 9 26 26 26 2
5 5 5 22 11 11 9 9 11 9 26 26 26
5 22 5 5 11 9 11 9 11 9 26 26 26 2
5 5 5 22 11 9 11 9 11 9 26 26 26 2 2 2
5 5 22 5 11 9 11 9 11 9 26 26 26
5 5 22 5 11 9 11 9 11 9 26 26 26
5 5 22 5 11 9 11 9 11 9 26 26 26 2 2
5 22 5 5 11 9 11 9 11 9 26 26 26
22 5 5 5 11 9 11 9 11 9 26 26 26
5 5 22 5 9 11 9 11 9 11 26 26 26 2
5 5 5 22 11 9 11 9 11 9 26 26 26
5 22 5 5 11 9 11 9 11 9 26 26 26 2
5 22 5 5 11 11 9 9 11 9 26 26 26
5 22 5 5 11 9 11 9 11 9 26 26 26 2
5 5 5 22 11 9 11 9 11 9 26 26 26 2
5 22 5 5 11 9 26 11 9 11 9 26 26
5 5 5 22 11 9 11 9 11 9 26 26 26
5 22 5 5 11 9 11 9 11 9 26 26 26
5 5 22 5 11 9 11 9 11 9 26 26 26
5 22 5 5 11 9 11 11 9 9 26 26 26
5 22 5 5 11 9 11 9 11 9 26 26 26
5 22 5 5 11 9 11 9 26 26 11 9 26 2
5 22 5 5 11 9 11 9 11 9 26 26 26
5 22 5 5 11 9 11 9 11 9 26 26 26
5 22 5 5 11 9 11 9 11 9 26 26 26
5 5 22 5 11 9 11 9 26 26 11 9 26
5 5 22 5 11 11 9 9 11 9 26 26 26 2
5 22 5 5 11 9 11 9 9 26 26 11 26
5 22 5 5 11 9 11 9 26 11 9 26 26
5 22 5 5 11 9 11 9 11 9 26 26 26
5 5 5 22 11 9 11 9 11 9 26 26 26
5 5 22 5 11 9 11 9 26 26 11 9 26
5 5 5 22 11 9 11 9 11 9 26 26 26 2
5 5 5 22 11 9 11 9 11 9 26 26 26
5 5 22 5 11 9 11 9 11 9 26 26 26
5 22 5 5 11 9 11 9 11 9 26 26 26 2
5 5 5 22 11 9 11 9 26 26 11 9 26
5 5 22 5 11 9 11 9 11 9 26 26 26 2
5 5 5 22 11 9 11 9 11 9 26 26 26
5 22 5 5 11 9 11 9 11 9 26 26 26 2
5 22 5 5 11 9 11 9 11 9 26 26 26
5 22 5 5 11 9 11 9 11 9 26 26 26 2 2
5 22 5 5 11 9 11 9 11 9 26 26 26
5 22 5 5 11 9 11 9 26 26 11 9 26
5 5 5 22 11 9 11 9 11 9 26 26 26
5 5 5 22 11 9 11 9 11 9 26 26 26
5 5 22 5 11 9 11 9 11 9 26 26 26 2
5 5 22 5 11 9 11 9 11 9 26 26 26 2 2
5 22 5 5 11 11 9 9 11 9 26 26 26 2
5 22 5 5 11 9 11 9 26 11 9 26 26 2
5 5 22 5 9 11 9 11 9 26 11 26 26 2 2
5 22 5 5 11 9 11 9 26 26 11 9 26 2
5 5 22 5 11 9 11 9 11 9 26 26 26
5 22 5 5 11 9 11 9 26 26 11 9 26 2
5 22 5 5 11 9 9 26 26 11 9 11 26
5 22 5 5 11 9 11 9 11 9 26 26 26 2
5 5 22 5 11 9 11 9 11 9 26 26 26 2
22 5 5 5 11 9 11 9 11 9 26 26 26
5 5 5 22 11 9 11 9 11 9 26 26 26
5 5 5 22 11 9 11 9 11 9 26 26 26 2
5 5 22 5 11 9 11 9 26 26 11 9 26
5 5 5 22 11 9 11 9 9 26 26 11 26
5 5 5 22 11 9 11 9 11 9 26 26 26
5 5 22 5 11 9 11 9 11 9 26 26 26
5 22 5 5 11 9 11 9 26 26 11 9 26
5 22 5 5 11 9 11 9 26 11 9 26 26 2
5 22 5 5 11 9 11 9 26 26 11 9 26 2
22 5 5 5 11 9 26 11 9 11 9 26 26
5 5 22 5 11 9 11 9 11 9 26 26 26 2
5 5 5 22 11 9 11 9 11 9 26 26 26 2
5 5 22 5 11 9 11 9 26 11 9 26 26 2 2
5 5 5 22 11 9 11 9 11 9 26 26 26
5 5 22 5 11 9 11 9 11 9 26 26 26
5 22 5 5 11 9 11 9 11 9 26 26 26
5 5 22 5 11 11 9 9 11 9 26 26 26 2
5 5 22 5 11 9 11 11 9 9 26 26 26 2
5 5 22 5 11 9 11 9 11 9 26 26 26
5 22 5 5 11 9 11 9 26 26 11 9 26
5 5 5 22 11 9 11 9 11 9 26 26 26 2
5 5 22 5 11 9 11 9 11 9 26 26 26
5 22 5 5 11 9 11 9 11 9 26 26 26
5 22 5 5 11 9 11 9 11 9 26 26 26
5 5 22 5 11 9 11 9 26 26 11 9 26
5 5 5 22 11 9 11 9 11 9 26 26 26 2
22 5 5 5 11 9 11 9 11 9 26 26 26 2
5 5 5 22 11 9 11 9 11 9 26 26 26
5 5 22 5 11 9 11 9 11 9 26 26 26
5 5 22 5 11 9 11 9 11 9 26 26 26
5 22 5 5 11 11 9 9 11 9 26 26 26
5 22 5 5 11 9 11 9 11 9 26 26 26 2
5 22 5 5 11 9 11 9 11 9 26 26 26
5 22 5 5 11 9 11 9 11 9 26 26 26
5 5 22 5 11 9 11 9 11 9 26 26 26 2
22 5 5 5 11 9 11 9 11 9 26 26 26 2
22 5 5 5 11 11 9 9 11 9 26 26 26
5 5 5 22 11 9 11 9 11 9 26 26 26 2 2
5 5 5 22 11 9 11 9 11 9 26 26 26 2
5 5 22 5 11 11 9 9 11 9 26 26 26 2
5 5 5 22 11 9 11 9 11 9 26 26 26
5 5 22 5 11 9 11 9 11 9 26 26 26
5 5 22 5 11 9 11 9 11 9 26 26 26 2
5 5 22 5 11 9 11 9 11 9 26 26 26
5 22 5 5 9 11 9 11 11 9 26 26 26 2
5 22 5 5 11 9 11 9 26 26 11 9 26
5 22 5 5 11 9 11 9 11 9 26 26 26 2
5 5 5 22 11 9 11 9 11 9 26 26 26
5 22 5 5 11 9 11 9 11 9 26 26 26
5 22 5 5 11 9 11 9 11 9 26 26 26
5 5 22 5 11 9 11 9 11 9 26 26 26
5 22 5 5 11 9 11 9 11 9 26 26 26 2
22 5 5 5 11 9 11 9 11 9 26 26 26 2
5 22 5 5 11 9 11 11 9 9 26 26 26 2
5 5 5 22 11 9 11 11 9 9 26 26 26
5 5 22 5 11 9 11 9 11 9 26 26 26 2
5 22 5 5 11 9 11 9 11 9 26 26 26 2
5 22 5 5 11 9 26 11 9 11 9 26 26
5 5 5 22 11 11 9 9 26 11 9 26 26 2
5 5 22 5 11 9 11 9 11 9 26 26 26
5 22 5 5 11 9 11 9 11 9 26 26 26
5 22 5 5 11 9 11 9 11 9 26 26 26 2 2
22 5 5 5 11 9 9 11 9 26 26 11 26
22 5 5 5 11 9 11 9 11 9 26 26 26
22 5 5 5 11 9 11 11 9 9 26 26 26
5 22 5 5 11 9 11 9 11 9 26 26 26 2 2
5 5 22 5 11 9 11 9 26 26 11 9 26
5 5 5 22 11 9 11 9 11 9 26 26 26
5 5 22 5 11 9 11 9 26 26 11 9 26
5 5 5 22 11 9 11 9 11 9 26 26 26
5 22 5 5 11 9 11 9 11 9 26 26 26 2
5 5 22 5 11 9 11 9 26 26 11 9 26 2
5 5 22 5 11 9 11 9 11 9 26 26 26 2 2
5 22 5 5 11 9 26 11 9 11 9 26 26
5 22 5 5 11 9 9 11 9 26 11 26 26
5 5 5 22 11 9 11 9 11 9 26 26 26 2
5 22 5 5 11 9 11 9 11 9 26 26 26 2
5 5 22 5 11 9 11 9 26 26 11 9 26
5 22 5 5 11 9 11 9 11 9 26 26 26 2
5 22 5 5 11 9 11 9 26 26 11 9 26 2 2
5 22 5 5 11 9 11 9 11 9 26 26 26
5 22 5 5 11 9 11 9 11 9 26 26 26 2 2
5 5 5 22 11 9 11 9 11 9 26 26 26
5 5 22 5 11 9 11 9 11 9 26 26 26
5 22 5 5 9 26 11 11 9 11 9 26 26 2
5 22 5 5 11 9 11 9 11 9 26 26 26
5 5 5 22 11 9 11 9 11 9 26 26 26
5 22 5 5 11 9 11 9 26 11 9 26 26
5 5 5 22 11 9 11 9 11 9 26 26 26
5 22 5 5 11 9 11 9 11 9 26 26 26
5 5 22 5 11 9 11 9 11 9 26 26 26
5 5 5 22 11 9 11 9 11 9 26 26 26
5 5 5 22 11 9 11 9 11 9 26 26 26
5 5 5 22 11 9 11 11 9 9 26 26 26 2
5 5 5 22 11 9 11 9 11 9 26 26 26
5 5 22 5 11 9 11 9 11 9 26 26 26
5 5 22 5 11 9 11 9 11 9 26 26 26
5 5 22 5 11 11 9 9 11 9 26 26 26 2
5 22 5 5 11 9 11 9 11 9 26 26 26
5 22 5 5 11 9 11 11 9 9 26 26 26
5 22 5 5 11 9 11 9 11 9 26 26 26 2
5 22 5 5 11 9 11 9 11 9 26 26 26
22 5 5 5 11 9 11 9 11 9 26 26 26
5 5 5 22 11 9 11 11 9 9 26 26 26
5 5 5 22 11 9 11 9 11 9 26 26 26
5 22 5 5 11 9 11 9 11 9 26 26 26
5 22 5 5 11 9 11 9 11 9 26 26 26
5 5 22 5 9 11 11 9 11 9 26 26 26
5 22 5 5 11 9 11 9 11 9 26 26 26 2 2
5 22 5 5 11 9 11 9 26 11 9 26 26 2
5 5 5 22 11 9 11 9 11 9 26 26 26
5 5 22 5 11 11 9 9 11 9 26 26 26
5 22 5 5 11 9 11 9 11 9 26 26 26 2
5 5 22 5 11 9 11 9 11 9 26 26 26 2
5 22 5 5 11 9 11 9 11 9 26 26 26
5 22 5 5 11 11 9 9 11 9 26 26 26
5 5 22 5 11 9 11 9 11 9 26 26 26
5 22 5 5 11 9 11 9 11 9 26 26 26
5 5 5 22 11 9 11 9 11 9 26 26 26
5 22 5 5 11 9 11 9 11 9 26 26 26 2 2
5 5 5 22 11 9 11 9 11 9 26 26 26
5 5 22 5 11 11 9 9 11 9 26 26 26 2
22 5 5 5 9 26 11 11 9 11 9 26 26 2
5 5 22 5 11 9 11 9 11 9 26 26 26
5 5 22 5 11 9 11 9 26 11 9 26 26 2
5 22 5 5 11 9 11 9 26 26 11 9 26
5 5 22 5 11 9 11 9 11 9 26 26 26 2
5 22 5 5 11 9 11 9 11 9 26 26 26 2
5 22 5 5 11 9 11 9 11 9 26 26 26 2
5 5 5 22 11 9 11 9 11 9 26 26 26 2
5 5 5 22 11 9 11 9 11 9 26 26 26
5 5 5 22 11 9 11 9 11 9 26 26 26
5 5 22 5 11 9 11 9 11 9 26 26 26
5 5 22 5 11 9 11 9 11 9 26 26 26
5 5 5 22 11 9 11 9 11 9 26 26 26 2
5 22 5 5 11 9 11 9 11 9 26 26 26 2
5 22 5 5 11 9 11 9 11 9 26 26 26
5 5 22 5 11 11 9 9 11 9 26 26 26
5 22 5 5 11 9 11 9 11 9 26 26 26
5 5 5 22 11 9 11 11 9 9 26 26 26
5 5 22 5 11 9 11 9 26 26 11 9 26
5 5 22 5 11 9 26 11 9 11 9 26 26 2
5 22 5 5 11 9 11 9 11 9 26 26 26 2 2
5 22 5 5 11 9 11 9 11 9 26 26 26
5 5 22 5 11 9 11 9 11 9 26 26 26 2
5 22 5 5 11 9 11 9 11 9 26 26 26
5 5 5 22 11 9 11 9 11 9 26 26 26 2
5 22 5 5 11 9 11 9 11 9 26 26 26 2
5 22 5 5 11 9 11 11 9 9 26 26 26
5 5 22 5 11 9 11 9 11 9 26 26 26 2
5 5 22 5 11 9 11 11 9 9 26 26 26
5 22 5 5 11 9 11 9 11 9 26 26 26
5 22 5 5 11 9 11 9 11 9 26 26 26 2
5 5 22 5 11 9 11 9 11 9 26 26 26 2
5 22 5 5 11 9 11 9 11 9 26 26 26 2
5 22 5 5 11 9 11 9 11 9 26 26 26
5 5 22 5 11 9 11 9 11 9 26 26 26
5 5 22 5 11 9 11 11 9 9 26 26 26
5 5 5 22 11 9 11 9 11 9 26 26 26
5 22 5 5 11 9 11 9 11 9 26 26 26 2
5 5 22 5 11 9 11 9 11 9 26 26 26
5 22 5 5 11 9 11 9 11 9 26 26 26
5 22 5 5 11 9 11 9 11 9 26 26 26 2
5 5 5 22 11 9 11 9 11 9 26 26 26 2 2
5 5 22 5 11 9 11 9 11 9 26 26 26
5 5 22 5 11 9 11 9 11 9 26 26 26 2
5 22 5 5 11 9 11 9 11 9 26 26 26 2
5 5 22 5 11 9 11 9 11 9 26 26 26
5 22 5 5 11 9 11 9 11 9 26 26 26
5 5 22 5 11 9 11 9 11 9 26 26 26
5 22 5 5 11 9 11 9 11 9 26 26 26 2
5 5 5 22 11 9 11 11 9 9 26 26 26 2
5 22 5 5 11 9 11 11 9 9 26 26 26
5 5 5 22 11 9 11 9 11 9 26 26 26
5 22 5 5 11 9 11 9 11 9 26 26 26
5 5 22 5 11 9 11 9 11 9 26 26 26 2
5 5 5 22 11 9 11 9 11 9 26 26 26 2
5 5 5 22 11 9 11 9 11 9 26 26 26 2
5 5 22 5 11 9 11 9 11 9 26 26 26
5 22 5 5 11 9 11 9 11 9 26 26 26
5 22 5 5 11 9 11 9 11 9 26 26 26
5 22 5 5 11 9 11 9 11 9 26 26 26
5 22 5 5 11 9 11 11 9 9 26 26 26
5 22 5 5 11 9 11 9 26 26 11 9 26
5 5 22 5 11 9 11 9 11 9 26 26 26
5 5 22 5 11 9 11 9 11 9 26 26 26 2
5 5 22 5 11 9 11 9 11 9 26 26 26 2
22 5 5 5 11 9 26 11 9 11 9 26 26
5 5 5 22 11 9 11 9 26 26 11 9 26 2
5 5 22 5 11 9 11 9 11 9 26 26 26
5 5 5 22 11 9 11 9 11 9 26 26 26 2
5 5 5 22 11 9 11 9 11 9 26 26 26
5 5 5 22 11 9 11 9 11 9 26 26 26 2
5 22 5 5 11 9 11 9 26 26 11 9 26
22 5 5 5 11 9 9 11 9 26 11 26 26
5 5 5 22 11 9 11 9 11 9 26 26 26
5 5 5 22 11 9 11 9 11 9 26 26 26
5 22 5 5 11 9 11 9 11 9 26 26 26
5 5 22 5 11 9 11 9 11 9 26 26 26 2
5 5 22 5 11 9 11 9 26 26 11 9 26
5 22 5 5 11 9 11 9 11 9 26 26 26 2
5 22 5 5 11 9 11 9 11 9 26 26 26
5 5 5 22 11 9 11 9 26 26 11 9 26
22 5 5 5 11 9 11 9 11 9 26 26 26
5 22 5 5 11 9 11 9 11 9 26 26 26
5 22 5 5 11 9 26 11 9 11 9 26 26
5 5 5 22 11 9 11 9 11 9 26 26 26 2
5 5 22 5 11 9 11 9 11 9 26 26 26
5 22 5 5 11 9 11 9 26 11 9 26 26
5 5 22 5 11 9 11 9 11 9 26 26 26
5 22 5 5 11 9 11 9 11 9 26 26 26
5 22 5 5 11 9 11 9 26 11 9 26 26
5 22 5 5 11 9 11 9 11 9 26 26 26 2
5 22 5 5 11 11 9 9 11 9 26 26 26
5 5 22 5 9 26 11 9 11 9 11 26 26
5 22 5 5 11 9 11 9 11 9 26 26 26 2
5 5 5 22 11 9 11 9 11 9 26 26 26
5 5 22 5 11 9 11 9 11 9 26 26 26
5 22 5 5 11 9 11 9 11 9 26 26 26 2
5 5 5 22 11 9 9 26 11 9 11 26 26
5 5 22 5 11 9 11 9 11 9 26 26 26
5 5 22 5 11 9 11 9 11 9 26 26 26
5 5 22 5 11 9 11 9 11 9 26 26 26 2
5 22 5 5 11 9 11 9 11 9 26 26 26 2
22 5 5 5 11 9 11 9 11 9 26 26 26
5 5 5 22 11 9 11 9 11 9 26 26 26
5 5 5 22 11 9 11 9 11 9 26 26 26
5 5 5 22 11 9 11 9 11 9 26 26 26 2
5 5 22 5 9 11 9 11 11 9 26 26 26
5 22 5 5 11 9 11 11 9 9 26 26 26
5 5 22 5 11 9 11 9 26 26 11 9 26 2
5 22 5 5 11 9 11 9 11 9 26 26 26 2
5 22 5 5 11 9 11 11 9 9 26 26 26 2
5 22 5 5 11 9 11 9 26 26 11 9 26 2
5 5 22 5 11 9 11 9 11 9 26 26 26
5 22 5 5 11 9 11 9 26 26 11 9 26 2 2
5 22 5 5 11 9 11 9 11 9 26 26 26 2
5 5 5 22 11 9 11 11 9 9 26 26 26 2
5 5 22 5 11 9 11 11 9 9 26 26 26 2
5 22 5 5 11 9 9 11 9 26 26 11 26 2
5 5 22 5 11 9 11 9 26 26 11 9 26
5 5 5 22 11 9 11 9 11 9 26 26 26
5 22 5 5 11 11 9 9 11 9 26 26 26
5 5 5 22 11 9 11 9 11 9 26 26 26
5 5 22 5 11 9 11 9 26 11 9 26 26
5 5 22 5 11 11 9 9 11 9 26 26 26
5 5 5 22 11 11 9 9 11 9 26 26 26
5 22 5 5 11 11 9 9 11 9 26 26 26
5 5 5 22 11 9 11 9 11 9 26 26 26 2
22 5 5 5 11 9 11 9 11 9 26 26 26
5 5 22 5 11 9 11 9 11 9 26 26 26
5 5 22 5 11 9 11 9 9 11 26 26 26 2
5 22 5 5 11 9 11 9 11 9 26 26 26
5 22 5 5 11 9 11 9 11 9 26 26 26 2
5 22 5 5 11 9 11 9 11 9 26 26 26
5 22 5 5 11 9 11 9 11 9 26 26 26
5 5 5 22 11 9 11 9 11 9 26 26 26
5 5 5 22 11 9 11 9 11 9 26 26 26
5 22 5 5 11 9 11 9 11 9 26 26 26
5 5 5 22 11 9 11 9 11 9 26 26 26 2
5 5 5 22 11 9 11 9 11 9 26 26 26
5 5 22 5 11 9 11 11 9 9 26 26 26
5 22 5 5 11 9 11 9 11 9 26 26 26
5 5 22 5 11 9 11 9 11 9 26 26 26
5 5 5 22 11 9 11 9 11 9 26 26 26
5 5 22 5 11 9 11 9 11 9 26 26 26
5 5 22 5 11 9 11 9 26 26 11 9 26 2
5 22 5 5 11 9 11 9 11 9 26 26 26
5 5 5 22 11 9 11 9 11 9 26 26 26
5 22 5 5 11 9 11 9 11 9 26 26 26 2
5 5 5 22 11 9 11 9 11 9 26 26 26
5 5 22 5 11 9 11 9 26 26 11 9 26
5 22 5 5 11 9 11 9 11 9 26 26 26
5 22 5 5 11 9 11 9 11 9 26 26 26
5 22 5 5 11 9 11 9 11 9 26 26 26 2
5 5 5 22 11 11 9 9 11 9 26 26 26
5 5 22 5 11 9 11 9 11 9 26 26 26 2
5 22 5 5 11 9 11 9 11 9 26 26 26
5 22 5 5 11 9 11 9 11 9 26 26 26
22 5 5 5 11 9 11 9 26 26 11 9 26
5 5 5 22 11 9 11 9 26 26 11 9 26
5 5 22 5 11 9 11 9 11 9 26 26 26
5 22 5 5 11 9 11 9 11 9 26 26 26
5 5 22 5 11 11 9 9 11 9 26 26 26
5 5 22 5 11 9 11 9 11 9 26 26 26
5 5 5 22 11 11 9 9 11 9 26 26 26 2
5 22 5 5 11 9 11 9 11 9 26 26 26
5 5 5 22 11 9 11 9 11 9 26 26 26 2
5 5 5 22 11 9 11 9 11 9 26 26 26
5 5 5 22 9 26 11 9 11 11 9 26 26
5 5 22 5 11 9 26 11 9 26 11 9 26
5 5 5 22 11 9 11 9 11 9 26 26 26
5 22 5 5 11 9 11 9 11 9 26 26 26 2
5 22 5 5 11 9 11 9 11 9 26 26 26 2
5 5 22 5 11 9 11 9 11 9 26 26 26 2
5 5 5 22 11 9 11 9 11 9 26 26 26
5 22 5 5 11 11 9 9 11 9 26 26 26
5 5 5 22 11 9 11 9 11 9 26 26 26
5 22 5 5 11 11 9 9 11 9 26 26 26
5 22 5 5 11 9 9 26 11 9 26 11 26
5 5 22 5 11 9 11 9 11 9 26 26 26
5 22 5 5 11 9 11 9 11 9 26 26 26
5 22 5 5 11 9 11 9 11 9 26 26 26
5 5 22 5 11 9 11 9 11 9 26 26 26 2
5 5 22 5 11 9 11 9 26 11 9 26 26 2 2
5 5 22 5 11 9 11 9 11 9 26 26 26
5 5 22 5 11 9 11 9 9 26 26 26 11 2 2
5 5 22 5 11 9 11 9 11 9 26 26 26
5 5 22 5 11 11 9 9 11 9 26 26 26
5 22 5 5 11 9 11 9 26 26 11 9 26
5 5 5 22 11 9 11 9 11 9 26 26 26
5 22 5 5 11 11 9 9 11 9 26 26 26
5 22 5 5 11 9 11 9 11 9 26 26 26
5 22 5 5 11 9 11 9 11 9 26 26 26 2
5 22 5 5 11 9 11 9 11 9 26 26 26
5 22 5 5 11 9 11 9 11 9 26 26 26 2
5 5 5 22 11 9 11 9 11 9 26 26 26
5 22 5 5 11 9 11 9 11 9 26 26 26
5 5 22 5 11 9 11 9 11 9 26 26 26
5 5 5 22 11 9 11 9 11 9 26 26 26
5 22 5 5 11 9 11 9 11 9 26 26 26 2
5 5 22 5 11 11 9 9 26 26 11 9 26
5 5 5 22 11 9 11 9 11 9 26 26 26
5 5 22 5 11 9 11 9 11 9 26 26 26
5 5 5 22 11 9 11 11 9 9 26 26 26 2
5 5 5 22 11 9 11 9 26 26 11 9 26
5 5 5 22 11 9 11 9 11 9 26 26 26
5 5 22 5 11 11 9 9 11 9 26 26 26
5 5 22 5 11 9 26 11 9 11 9 26 26 2
22 5 5 5 11 9 11 9 11 9 26 26 26
5 22 5 5 11 9 11 9 11 9 26 26 26
5 5 5 22 11 9 11 9 11 9 26 26 26
5 22 5 5 11 9 11 9 11 9 26 26 26 2
5 22 5 5 11 9 11 11 9 9 26 26 26 2
5 5 5 22 11 11 9 9 11 9 26 26 26 2
5 5 22 5 11 9 11 9 11 9 26 26 26
5 5 22 5 11 11 9 9 11 9 26 26 26 2
5 5 22 5 11 9 11 9 11 9 26 26 26 2
5 22 5 5 11 9 11 9 11 9 26 26 26
5 22 5 5 11 9 11 9 11 9 26 26 26
22 5 5 5 11 9 11 9 11 9 26 26 26
5 5 22 5 11 9 11 9 11 9 26 26 26
5 22 5 5 11 9 11 9 11 9 26 26 26 2
5 5 22 5 11 9 26 11 9 11 9 26 26
5 5 22 5 11 9 11 9 11 9 26 26 26
5 5 22 5 11 9 11 9 11 9 26 26 26
5 5 22 5 11 9 11 9 11 9 26 26 26
5 22 5 5 11 9 11 9 11 9 26 26 26
5 5 22 5 11 9 11 9 11 9 26 26 26
5 5 22 5 11 9 11 9 11 9 26 26 26
5 5 5 22 11 9 11 9 11 9 26 26 26
5 5 22 5 11 9 11 9 26 26 11 9 26 2
5 22 5 5 11 9 11 9 26 26 11 9 26
5 22 5 5 11 9 11 9 11 9 26 26 26 2
5 5 22 5 11 9 11 9 11 9 26 26 26
5 5 22 5 11 9 11 11 9 9 26 26 26
5 5 5 22 11 11 9 9 11 9 26 26 26 2
22 5 5 5 11 9 11 9 11 9 26 26 26
5 22 5 5 11 9 11 9 11 9 26 26 26
5 5 5 22 11 9 11 9 11 9 26 26 26 2 2
5 5 22 5 11 9 11 9 11 9 26 26 26
5 5 5 22 11 9 11 9 11 9 26 26 26 2
5 5 22 5 11 9 11 9 26 9 26 11 26
5 5 22 5 11 9 11 9 11 9 26 26 26 2
5 5 5 22 11 9 11 9 11 9 26 26 26
5 5 22 5 11 9 11 9 11 9 26 26 26
5 5 5 22 11 11 9 9 26 26 11 9 26
5 22 5 5 11 9 11 9 11 9 26 26 26
5 22 5 5 11 9 11 9 11 9 26 26 26
5 5 22 5 11 9 11 9 11 9 26 26 26
5 22 5 5 11 9 11 9 11 9 26 26 26
22 5 5 5 11 9 11 9 11 9 26 26 26
5 5 22 5 11 9 11 9 11 9 26 26 26
5 5 22 5 11 9 11 9 11 9 26 26 26
5 22 5 5 11 9 11 9 11 9 26 26 26
5 5 5 22 11 9 11 9 26 26 11 9 26 2
5 5 22 5 11 9 11 9 11 9 26 26 26 2
5 5 5 22 11 9 11 9 11 9 26 26 26
5 5 22 5 11 9 11 9 11 9 26 26 26 2
5 22 5 5 11 9 11 9 11 9 26 26 26 2
5 5 5 22 11 9 11 9 26 26 11 9 26 2 2
5 5 22 5 11 9 11 9 11 9 26 26 26 2
5 5 5 22 11 9 11 9 11 9 26 26 26
5 22 5 5 11 9 11 9 11 9 26 26 26
5 5 5 22 11 9 11 9 26 26 11 9 26
5 22 5 5 11 9 11 9 11 9 26 26 26 2
5 5 22 5 11 9 11 9 11 9 26 26 26
5 22 5 5 11 9 11 9 11 9 26 26 26 2
5 5 5 22 11 9 11 9 11 9 26 26 26
5 5 5 22 11 9 11 9 11 9 26 26 26 2
22 5 5 5 11 9 11 9 11 9 26 26 26
5 5 5 22 11 9 11 9 11 9 26 26 26
5 5 22 5 9 11 9 26 26 11 9 11 26
5 22 5 5 11 9 11 9 11 9 26 26 26
5 5 22 5 11 9 11 9 11 9 26 26 26
5 22 5 5 11 9 11 9 11 9 26 26 26 2 2
5 22 5 5 11 9 11 9 26 11 9 26 26 2
5 5 5 22 11 11 9 9 11 9 26 26 26 2
5 5 22 5 11 9 11 9 11 9 26 26 26
5 22 5 5 11 9 11 9 11 9 26 26 26
5 22 5 5 11 9 11 9 11 9 26 26 26
5 5 5 22 11 9 11 9 11 9 26 26 26
5 5 22 5 11 9 11 9 11 9 26 26 26
5 5 22 5 11 9 11 9 26 11 9 26 26
5 5 5 22 11 9 11 9 11 9 26 26 26
5 5 22 5 11 9 11 9 11 9 26 26 26
5 5 22 5 11 9 11 9 26 26 11 9 26 2
5 5 22 5 11 9 11 9 26 26 11 9 26
5 5 22 5 11 9 11 9 11 9 26 26 26 2
5 22 5 5 11 11 9 9 11 9 26 26 26
5 5 22 5 11 9 11 9 11 9 26 26 26
5 5 5 22 11 9 11 9 9 26 26 11 26
5 5 22 5 11 9 11 9 11 9 26 26 26
5 22 5 5 11 9 11 9 11 9 26 26 26
5 22 5 5 11 9 11 9 26 11 9 26 26
22 5 5 5 11 9 11 9 11 9 26 26 26 2
5 5 22 5 11 9 11 9 11 9 26 26 26
5 5 22 5 11 9 11 9 11 9 26 26 26
5 5 5 22 11 9 11 9 11 9 26 26 26
5 5 22 5 11 9 11 11 9 9 26 26 26 2 2
5 22 5 5 11 9 11 9 26 26 11 9 26
5 5 5 22 11 9 11 9 11 9 26 26 26 2
5 5 22 5 11 11 9 9 11 9 26 26 26 2
5 5 5 22 11 9 11 9 26 11 9 26 26 2
5 22 5 5 11 9 11 9 11 9 26 26 26
5 22 5 5 11 9 11 9 11 9 26 26 26
5 5 22 5 11 9 11 9 26 26 11 9 26 2
5 22 5 5 11 9 11 9 11 9 26 26 26
5 22 5 5 11 9 11 9 11 9 26 26 26
5 5 22 5 11 9 11 9 11 9 26 26 26
5 5 22 5 11 9 11 9 11 9 26 26 26
5 5 5 22 11 9 11 11 9 9 26 26 26
5 5 5 22 11 9 11 9 11 9 26 26 26
5 5 22 5 11 9 11 11 9 9 26 26 26
5 22 5 5 11 9 11 9 11 9 26 26 26
22 5 5 5 9 11 9 11 26 26 11 9 26
5 5 5 22 11 9 11 9 11 9 26 26 26 2
5 5 22 5 11 9 11 9 26 26 11 9 26 2
5 5 5 22 11 9 11 11 9 9 26 26 26
5 22 5 5 11 9 11 9 11 9 26 26 26
5 5 5 22 11 9 11 9 11 9 26 26 26
5 22 5 5 11 9 11 9 11 9 26 26 26 2
5 5 22 5 11 9 11 9 11 9 26 26 26
5 22 5 5 11 9 11 9 11 9 26 26 26
5 5 22 5 11 9 11 9 11 9 26 26 26 2
5 22 5 5 11 9 11 9 11 9 26 26 26
5 5 22 5 11 9 11 11 9 9 26 26 26
22 5 5 5 11 9 11 9 11 9 26 26 26
5 5 22 5 11 9 11 9 11 9 26 26 26
5 5 22 5 11 9 11 9 11 9 26 26 26 2 2
5 5 5 22 11 9 11 9 11 9 26 26 26
5 22 5 5 11 11 9 9 11 9 26 26 26
5 22 5 5 11 9 11 9 11 9 26 26 26 2
5 5 5 22 11 9 11 9 11 9 26 26 26
5 22 5 5 11 9 11 9 11 9 26 26 26
5 5 5 22 11 9 11 9 11 9 26 26 26 2
5 5 5 22 11 9 11 9 11 9 26 26 26
5 22 5 5 11 9 11 9 11 9 26 26 26
5 5 5 22 11 9 9 26 11 9 11 26 26
5 5 5 22 11 9 11 9 26 26 11 9 26
5 5 5 22 11 9 11 9 11 9 26 26 26 2
5 5 22 5 11 9 11 9 11 9 26 26 26
5 5 22 5 11 9 11 9 11 9 26 26 26
5 22 5 5 11 9 11 9 11 9 26 26 26 2
5 5 5 22 11 9 11 9 26 26 11 9 26
5 22 5 5 11 9 11 9 11 9 26 26 26
22 5 5 5 11 9 11 9 11 9 26 26 26 2
5 5 22 5 11 9 11 9 11 9 26 26 26
5 22 5 5 11 9 11 9 11 9 26 26 26
5 5 22 5 11 11 9 9 11 9 26 26 26 2
5 5 22 5 11 9 11 9 11 9 26 26 26
5 5 5 22 11 9 11 9 11 9 26 26 26
5 22 5 5 11 9 11 9 11 9 26 26 26
5 22 5 5 11 9 11 9 11 9 26 26 26
5 5 22 5 11 9 11 9 26 26 11 9 26
5 5 22 5 11 9 11 9 11 9 26 26 26 2
5 5 22 5 11 9 11 9 11 9 26 26 26
5 22 5 5 9 11 9 26 11 11 9 26 26
5 22 5 5 11 9 11 9 11 9 26 26 26 2
22 5 5 5 11 9 11 9 11 9 26 26 26 2 2
5 5 5 22 11 9 11 9 11 9 26 26 26
5 5 5 22 11 9 11 9 11 9 26 26 26 2
5 5 5 22 11 9 11 9 11 9 26 26 26
5 5 5 22 11 11 9 9 11 9 26 26 26
5 5 22 5 11 9 11 9 11 9 26 26 26
5 5 22 5 11 9 11 9 26 26 11 9 26
5 22 5 5 11 9 11 9 11 9 26 26 26
5 22 5 5 11 9 9 11 9 11 26 26 26
5 5 22 5 11 9 11 9 11 9 26 26 26
5 22 5 5 11 9 11 9 26 26 11 9 26
5 5 22 5 11 9 11 9 26 26 11 9 26
5 5 22 5 11 9 11 11 9 9 26 26 26
5 5 22 5 11 9 11 9 26 26 11 9 26
5 22 5 5 11 9 11 9 11 9 26 26 26
5 5 5 22 11 9 11 9 26 11 9 26 26
5 5 5 22 9 26 11 9 11 9 11 26 26
5 5 5 22 11 9 11 9 11 9 26 26 26
5 5 5 22 11 9 11 9 26 26 11 9 26
5 22 5 5 11 9 26 11 9 11 9 26 26
5 22 5 5 11 9 11 9 11 9 26 26 26 2
5 5 22 5 11 9 11 9 11 9 26 26 26 2
5 5 5 22 11 9 11 9 11 9 26 26 26
5 5 5 22 11 9 11 9 11 9 26 26 26
5 22 5 5 11 9 11 9 11 9 26 26 26
5 22 5 5 11 9 11 9 11 9 26 26 26
5 22 5 5 11 9 11 9 26 26 11 9 26
5 5 22 5 11 9 11 9 26 26 11 9 26
5 5 5 22 11 9 11 9 11 9 26 26 26
5 22 5 5 11 9 11 9 26 11 9 26 26
5 5 5 22 11 9 11 9 11 9 26 26 26
5 22 5 5 11 9 11 9 11 9 26 26 26
5 5 5 22 11 9 11 11 9 9 26 26 26
5 22 5 5 11 9 11 9 11 9 26 26 26
5 5 5 22 11 9 11 9 26 26 11 9 26
5 22 5 5 11 11 9 9 11 9 26 26 26
5 22 5 5 11 9 11 9 11 9 26 26 26 2
5 22 5 5 11 9 11 9 11 9 26 26 26
5 22 5 5 11 9 11 9 11 9 26 26 26
5 22 5 5 11 9 11 9 11 9 26 26 26
5 22 5 5 11 9 11 9 11 9 26 26 26
5 5 22 5 11 9 11 11 9 9 26 26 26 2 2
5 5 22 5 11 9 11 9 11 9 26 26 26
5 5 5 22 11 9 11 9 11 9 26 26 26 2
5 22 5 5 11 9 11 9 11 9 26 26 26
5 5 22 5 11 9 26 11 9 11 9 26 26
5 22 5 5 11 9 11 9 11 9 26 26 26
5 22 5 5 11 9 11 9 11 9 26 26 26 2
5 5 22 5 11 9 11 9 11 9 26 26 26
5 5 5 22 11 9 11 9 11 9 26 26 26
5 5 5 22 11 9 11 9 11 9 26 26 26 2
5 5 22 5 11 9 11 9 11 9 26 26 26
5 5 22 5 11 11 9 9 11 9 26 26 26
5 22 5 5 11 11 9 9 11 9 26 26 26
5 5 22 5 11 9 11 9 11 9 26 26 26
5 22 5 5 11 9 11 9 11 9 26 26 26
5 22 5 5 11 11 9 9 11 9 26 26 26
5 5 22 5 11 9 11 9 11 9 26 26 26 2
5 22 5 5 11 9 26 11 9 11 9 26 26
22 5 5 5 11 9 11 9 11 9 26 26 26
5 5 22 5 11 9 11 9 11 9 26 26 26 2
5 5 22 5 11 11 9 9 11 9 26 26 26
5 22 5 5 11 9 11 9 11 9 26 26 26
5 5 5 22 11 9 11 9 26 26 11 9 26
5 22 5 5 11 9 11 9 11 9 26 26 26
5 5 22 5 11 9 11 9 11 9 26 26 26
5 22 5 5 11 9 11 9 11 9 26 26 26 2
5 22 5 5 11 9 11 9 11 9 26 26 26
5 5 5 22 11 9 11 9 26 11 9 26 26
5 5 22 5 11 9 11 9 26 26 11 9 26 2
5 5 5 22 11 9 11 9 11 9 26 26 26
5 5 22 5 11 9 11 9 11 9 26 26 26 2
5 22 5 5 11 9 11 9 11 9 26 26 26
5 22 5 5 11 9 11 9 11 9 26 26 26
5 5 22 5 11 11 9 9 11 9 26 26 26
5 22 5 5 11 9 11 9 26 26 11 9 26 2
5 22 5 5 9 11 9 26 11 9 11 26 26
5 22 5 5 11 9 11 9 11 9 26 26 26
5 22 5 5 11 9 11 9 26 26 11 9 26 2
5 22 5 5 11 9 11 9 26 26 11 9 26 2
5 22 5 5 11 9 11 9 11 9 26 26 26 2
22 5 5 5 11 9 11 9 11 9 26 26 26 2
5 5 5 22 11 9 11 9 11 9 26 26 26 2
5 22 5 5 11 9 11 9 11 9 26 26 26 2
5 5 5 22 9 11 9 11 11 9 26 26 26
5 22 5 5 11 9 26 11 9 11 9 26 26
5 22 5 5 11 9 11 9 11 9 26 26 26
5 22 5 5 11 9 9 11 9 11 26 26 26
5 5 22 5 11 9 11 9 11 9 26 26 26
5 22 5 5 11 9 11 9 11 9 26 26 26
5 22 5 5 11 11 9 9 26 26 11 9 26 2
5 22 5 5 9 11 11 9 11 9 26 26 26
5 5 22 5 11 9 11 9 26 11 9 26 26
5 22 5 5 11 9 11 9 11 9 26 26 26
5 5 5 22 11 9 11 9 11 9 26 26 26
5 5 22 5 11 9 11 9 11 9 26 26 26 2
5 22 5 5 11 9 11 9 11 9 26 26 26
5 22 5 5 11 9 11 9 11 9 26 26 26
5 22 5 5 11 9 11 9 11 9 26 26 26
5 22 5 5 11 9 11 9 11 9 26 26 26 2 2
5 5 22 5 11 9 11 9 11 9 26 26 26 2
5 5 22 5 11 9 11 9 11 9 26 26 26
5 22 5 5 11 9 11 9 11 9 26 26 26
5 5 22 5 11 9 11 9 11 9 26 26 26
5 22 5 5 11 9 11 9 11 9 26 26 26
5 22 5 5 11 9 11 9 11 9 26 26 26
5 5 22 5 11 9 11 11 9 9 26 26 26 2
5 5 5 22 11 9 11 9 11 9 26 26 26
5 5 22 5 11 9 11 9 11 9 26 26 26
5 22 5 5 11 9 11 9 26 26 11 9 26
5 5 22 5 11 9 11 9 26 26 11 9 26
5 5 22 5 11 9 11 9 26 26 11 9 26
5 22 5 5 11 9 11 9 11 9 26 26 26
5 5 22 5 11 9 11 9 26 26 11 9 26
5 22 5 5 11 9 11 9 26 11 9 26 26
5 5 5 22 9 26 11 9 11 11 9 26 26
5 22 5 5 11 9 11 9 11 9 26 26 26
5 22 5 5 11 9 11 9 11 9 26 26 26
5 22 5 5 11 9 11 9 26 11 9 26 26
5 5 22 5 11 9 26 11 9 11 9 26 26
5 22 5 5 11 9 11 9 11 9 26 26 26
5 5 5 22 11 9 11 9 11 9 26 26 26
5 5 22 5 11 9 11 9 11 9 26 26 26
5 5 22 5 11 11 9 9 11 9 26 26 26
5 5 22 5 11 9 11 9 11 9 26 26 26
5 22 5 5 11 9 11 9 11 9 26 26 26 2
5 22 5 5 11 9 11 9 11 9 26 26 26
5 22 5 5 11 9 11 9 11 9 26 26 26
5 5 22 5 11 9 26 11 9 11 9 26 26
5 5 5 22 11 9 11 9 11 9 26 26 26 2
5 5 5 22 11 9 11 9 11 9 26 26 26
5 22 5 5 11 9 11 9 11 9 26 26 26 2
5 5 5 22 11 9 11 9 11 9 26 26 26
5 5 22 5 11 9 11 9 11 9 26 26 26
5 5 22 5 11 11 9 9 11 9 26 26 26
5 22 5 5 11 9 26 11 9 11 9 26 26
22 5 5 5 11 9 11 9 11 9 26 26 26
5 5 5 22 11 9 11 9 11 9 26 26 26 2
5 22 5 5 11 9 11 9 26 26 11 9 26
5 5 5 22 11 9 11 9 11 9 26 26 26
5 5 5 22 11 9 11 9 11 9 26 26 26 2 2 2
5 5 22 5 11 9 11 9 11 9 26 26 26
5 5 22 5 11 11 9 9 11 9 26 26 26
5 22 5 5 11 9 11 9 11 9 26 26 26
5 5 5 22 11 9 11 9 11 9 26 26 26
5 5 5 22 11 9 11 9 26 26 11 9 26 2
5 5 22 5 11 9 9 11 9 26 11 26 26
5 5 22 5 11 9 11 9 11 9 26 26 26
5 5 22 5 11 9 11 9 11 9 26 26 26
5 22 5 5 11 9 11 9 26 11 9 26 26
5 22 5 5 11 9 11 9 11 9 26 26 26
5 5 5 22 11 9 11 9 26 11 9 26 26 2
5 22 5 5 11 9 11 9 11 9 26 26 26
22 5 5 5 11 9 11 9 11 9 26 26 26 2
5 22 5 5 11 9 11 9 26 11 9 26 26
5 5 22 5 11 9 11 9 11 9 26 26 26
5 5 5 22 11 9 11 9 11 9 26 26 26
5 5 22 5 11 9 11 9 11 9 26 26 26
5 5 22 5 11 9 11 9 11 9 26 26 26 2 2
5 5 22 5 11 9 11 9 11 9 26 26 26
5 5 22 5 11 9 26 11 9 11 9 26 26
5 22 5 5 11 9 11 9 11 9 26 26 26
5 22 5 5 11 11 9 9 11 9 26 26 26
5 22 5 5 11 9 11 11 9 9 26 26 26
22 5 5 5 11 9 11 9 11 9 26 26 26 2
5 5 5 22 11 9 11 9 11 9 26 26 26
5 22 5 5 11 9 11 9 11 9 26 26 26
5 5 5 22 11 9 11 9 26 26 11 9 26
5 22 5 5 11 9 11 9 11 9 26 26 26 2
5 5 5 22 11 9 11 9 11 9 26 26 26
5 5 22 5 11 9 11 9 11 9 26 26 26
5 5 5 22 11 9 11 11 9 9 26 26 26
5 22 5 5 11 9 11 11 9 9 26 26 26
5 22 5 5 11 9 11 9 11 9 26 26 26
5 22 5 5 11 9 11 9 11 9 26 26 26
5 22 5 5 11 9 26 26 11 9 11 9 26 2
5 22 5 5 11 9 11 9 11 9 26 26 26
5 5 22 5 11 9 11 9 26 11 9 26 26
5 22 5 5 11 9 11 11 9 9 26 26 26 2
5 5 22 5 11 9 11 11 9 9 26 26 26
5 22 5 5 11 9 11 9 11 9 26 26 26
5 5 22 5 11 9 11 9 11 9 26 26 26
5 22 5 5 11 9 26 11 9 11 9 26 26 2
5 22 5 5 11 9 11 9 11 9 26 26 26 2
5 22 5 5 11 9 11 9 11 9 26 26 26
5 22 5 5 11 9 11 9 26 26 11 9 26
5 22 5 5 11 9 11 9 26 11 9 26 26
22 5 5 5 11 9 11 9 11 9 26 26 26
22 5 5 5 11 9 11 9 26 26 11 9 26
5 5 5 22 11 9 11 9 11 9 26 26 26
5 5 22 5 11 9 11 9 11 9 26 26 26
5 22 5 5 11 9 26 11 9 26 11 9 26 2
5 22 5 5 11 9 11 9 11 9 26 26 26 2
5 5 5 22 11 9 11 9 11 9 26 26 26
5 5 5 22 11 9 11 9 11 9 26 26 26
5 22 5 5 11 9 11 9 11 9 26 26 26
5 22 5 5 11 9 11 9 11 9 26 26 26
22 5 5 5 11 9 11 9 26 26 11 9 26 2
22 5 5 5 11 9 11 9 11 9 26 26 26 2
5 5 5 22 11 9 11 9 11 9 26 26 26
5 5 5 22 11 9 11 9 11 9 26 26 26
5 5 22 5 11 9 11 9 11 9 26 26 26
5 5 22 5 11 9 11 9 11 9 26 26 26
5 5 5 22 11 9 11 9 26 26 11 9 26
5 22 5 5 11 9 11 9 26 11 9 26 26
5 5 22 5 11 9 11 9 11 9 26 26 26
5 5 22 5 11 9 11 9 11 9 26 26 26
5 5 22 5 11 9 9 11 11 9 26 26 26
5 22 5 5 11 9 11 9 11 9 26 26 26 2
5 5 22 5 11 9 11 9 11 9 26 26 26
5 5 22 5 11 9 11 9 11 9 26 26 26
5 5 5 22 11 9 11 9 11 9 26 26 26 2
5 5 22 5 11 9 11 11 9 9 26 26 26
5 5 22 5 11 9 11 9 11 9 26 26 26
5 5 22 5 11 9 11 9 11 9 26 26 26
5 5 22 5 11 9 11 9 11 9 26 26 26
5 5 5 22 11 9 11 9 11 9 26 26 26 2
5 5 22 5 11 9 11 9 11 9 26 26 26 2
5 5 5 22 11 9 11 9 11 9 26 26 26
5 22 5 5 11 9 11 9 11 9 26 26 26
5 5 5 22 11 9 11 9 11 9 26 26 26
5 5 22 5 11 9 11 9 26 11 9 26 26
5 5 5 22 11 9 11 9 11 9 26 26 26 2
5 22 5 5 11 9 11 9 11 9 26 26 26
5 22 5 5 11 9 11 9 26 11 9 26 26
22 5 5 5 11 9 11 9 11 9 26 26 26
5 5 5 22 11 9 11 9 26 11 9 26 26
5 5 22 5 11 9 11 9 11 9 26 26 26 2
5 5 22 5 11 9 11 9 11 9 26 26 26
5 5 22 5 11 9 11 9 11 9 26 26 26
5 5 5 22 11 9 11 9 11 9 26 26 26
5 5 22 5 11 11 9 9 11 9 26 26 26
5 22 5 5 11 9 11 9 11 9 26 26 26
5 22 5 5 11 11 9 9 11 9 26 26 26
5 5 22 5 11 9 11 9 11 9 26 26 26
5 22 5 5 11 9 11 9 11 9 26 26 26
5 5 22 5 11 9 11 9 11 9 26 26 26
5 5 5 22 11 9 11 9 26 26 11 9 26
5 5 22 5 11 9 11 9 11 9 26 26 26
5 22 5 5 11 9 11 9 11 9 26 26 26
22 5 5 5 11 9 11 9 26 11 9 26 26
5 22 5 5 11 9 11 9 26 11 9 26 26
5 5 22 5 11 9 11 9 11 9 26 26 26 2
5 5 5 22 11 9 11 9 11 9 26 26 26
5 5 22 5 11 9 11 9 11 9 26 26 26
5 22 5 5 11 9 26 11 9 11 9 26 26
5 5 22 5 11 9 11 9 11 9 26 26 26 2
5 22 5 5 9 11 9 11 11 9 26 26 26
5 5 22 5 11 9 11 9 26 26 11 9 26 2
5 22 5 5 11 9 11 9 11 9 26 26 26
5 5 5 22 11 9 11 9 11 9 26 26 26 2
5 5 22 5 11 9 11 9 26 26 11 9 26 2
5 5 22 5 11 9 11 11 9 9 26 26 26
22 5 5 5 11 9 11 9 26 26 11 9 26
5 5 5 22 11 9 11 9 11 9 26 26 26
5 5 22 5 11 9 11 9 11 9 26 26 26 2
5 5 5 22 11 9 11 9 11 9 26 26 26
5 5 5 22 11 9 11 9 11 9 26 26 26
5 5 5 22 11 11 9 9 11 9 26 26 26
5 22 5 5 11 9 11 9 11 9 26 26 26
22 5 5 5 11 9 11 9 11 9 26 26 26
5 22 5 5 11 9 11 9 11 9 26 26 26
5 5 22 5 9 11 9 11 11 9 26 26 26 2 2
5 5 5 22 11 9 11 9 11 9 26 26 26 2
5 5 22 5 11 11 9 9 11 9 26 26 26 2
5 22 5 5 11 9 11 9 11 9 26 26 26
5 22 5 5 11 9 11 9 11 9 26 26 26
5 22 5 5 11 9 26 11 9 11 9 26 26
22 5 5 5 11 9 11 9 11 9 26 26 26 2
5 5 5 22 11 9 11 9 11 9 26 26 26 2
5 5 22 5 11 9 11 9 11 9 26 26 26
5 5 22 5 11 9 11 9 11 9 26 26 26
5 5 5 22 11 9 11 9 11 9 26 26 26
5 5 22 5 11 9 11 9 11 9 26 26 26
5 5 5 22 11 11 9 9 11 9 26 26 26
5 5 22 5 11 9 11 9 26 26 11 9 26
5 22 5 5 11 9 11 9 11 9 26 26 26 2
5 5 5 22 11 9 11 11 9 9 26 26 26 2
5 5 22 5 11 9 11 9 11 9 26 26 26
5 22 5 5 11 9 11 9 26 26 11 9 26
5 22 5 5 11 9 11 9 11 9 26 26 26 2
5 5 22 5 11 9 11 9 11 9 26 26 26
5 22 5 5 11 9 11 9 26 26 11 9 26
5 5 5 22 11 9 11 9 26 26 11 9 26
5 5 22 5 11 9 11 9 26 26 11 9 26
5 5 22 5 11 9 9 26 26 11 9 11 26
5 5 5 22 11 9 11 9 26 26 11 9 26
5 5 5 22 11 9 11 9 26 26 11 9 26
5 22 5 5 11 9 11 9 11 9 26 26 26
5 22 5 5 11 9 11 9 11 9 26 26 26
5 22 5 5 11 9 11 9 11 9 26 26 26
5 5 5 22 11 9 11 9 11 9 26 26 26
5 5 22 5 11 9 11 11 9 9 26 26 26
5 5 22 5 11 9 11 9 11 9 26 26 26 2
5 5 5 22 11 9 11 9 26 11 9 26 26
5 5 22 5 11 9 11 9 11 9 26 26 26
5 5 5 22 11 9 11 9 26 26 11 9 26
5 5 22 5 11 9 11 9 26 26 11 9 26
5 22 5 5 11 9 11 9 11 9 26 26 26
5 22 5 5 11 9 11 9 11 9 26 26 26
5 22 5 5 11 9 11 9 11 9 26 26 26 2
22 5 5 5 11 9 11 9 26 26 26 11 9
5 5 5 22 11 9 11 9 11 9 26 26 26
5 5 22 5 11 9 11 9 26 11 9 26 26
5 5 22 5 11 9 11 9 11 9 26 26 26 2
5 22 5 5 11 9 11 9 11 9 26 26 26
5 5 22 5 11 9 11 9 26 26 11 9 26
5 5 22 5 11 9 11 9 11 9 26 26 26
5 5 22 5 11 9 11 9 26 11 9 26 26
5 5 22 5 11 9 11 9 11 9 26 26 26
5 5 22 5 11 9 11 9 26 11 9 26 26
5 5 5 22 11 9 11 9 11 9 26 26 26
5 22 5 5 11 9 11 9 11 9 26 26 26
5 22 5 5 11 9 11 9 11 9 26 26 26
5 5 22 5 11 9 11 9 11 9 26 26 26 2
5 22 5 5 11 9 9 11 9 26 26 11 26
5 5 5 22 11 9 11 9 11 9 26 26 26
5 22 5 5 11 9 26 11 9 11 9 26 26
5 22 5 5 11 9 11 9 26 11 9 26 26
22 5 5 5 11 9 11 9 11 9 26 26 26 2
22 5 5 5 11 9 11 9 11 9 26 26 26
5 22 5 5 11 9 11 9 26 11 9 26 26
5 5 5 22 11 9 11 9 11 9 26 26 26
5 5 22 5 11 9 26 11 9 11 9 26 26
5 22 5 5 11 9 11 9 11 9 26 26 26
5 22 5 5 11 9 11 9 26 26 11 9 26
5 5 22 5 11 9 11 9 11 9 26 26 26 2
5 22 5 5 11 9 11 9 11 9 26 26 26
22 5 5 5 11 9 11 9 26 26 11 9 26
22 5 5 5 11 9 11 9 11 9 26 26 26
22 5 5 5 11 9 11 9 11 9 26 26 26
5 5 22 5 11 9 11 9 11 9 26 26 26
5 5 22 5 11 9 11 9 11 9 26 26 26 2
5 22 5 5 11 9 11 9 11 9 26 26 26 2
5 5 5 22 11 9 11 9 11 9 26 26 26
5 22 5 5 11 9 11 9 11 9 26 26 26
5 5 22 5 11 9 26 11 9 11 9 26 26
5 22 5 5 11 9 9 11 9 26 26 11 26
5 22 5 5 11 9 11 9 11 9 26 26 26
22 5 5 5 11 9 11 9 11 9 26 26 26
5 22 5 5 11 9 11 9 11 9 26 26 26
5 22 5 5 11 9 11 11 9 9 26 26 26
5 22 5 5 11 9 11 9 11 9 26 26 26
5 22 5 5 11 9 11 9 26 11 9 26 26
22 5 5 5 11 9 11 9 11 9 26 26 26
5 5 22 5 11 9 11 9 11 9 26 26 26
5 5 22 5 11 9 11 9 11 9 26 26 26
5 5 22 5 11 9 11 9 26 26 11 9 26 2
5 22 5 5 11 9 11 9 11 9 26 26 26 2
5 22 5 5 11 9 11 9 11 9 26 26 26 2
5 5 5 22 11 9 11 9 11 9 26 26 26
5 22 5 5 11 9 11 9 26 26 11 9 26
5 22 5 5 11 9 26 11 9 11 9 26 26 2
5 22 5 5 11 9 11 9 11 9 26 26 26
5 5 22 5 11 9 11 9 11 9 26 26 26
5 22 5 5 11 9 26 26 26 11 9 11 9
5 5 5 22 11 9 11 9 11 9 26 26 26 2
5 5 22 5 11 9 11 9 11 9 26 26 26 2
5 22 5 5 11 9 11 9 26 26 11 9 26
22 5 5 5 11 9 26 11 9 26 11 9 26 2
22 5 5 5 11 9 11 9 11 9 26 26 26
5 5 22 5 11 9 11 9 11 9 26 26 26
5 22 5 5 11 9 11 9 11 9 26 26 26
5 22 5 5 11 9 11 9 11 9 26 26 26 2
5 22 5 5 11 9 26 11 9 11 9 26 26
22 5 5 5 11 9 11 9 26 11 9 26 26
5 22 5 5 11 9 11 9 11 9 26 26 26
5 22 5 5 11 9 11 9 11 9 26 26 26
5 5 22 5 11 9 11 9 26 11 9 26 26
5 5 22 5 11 9 26 11 9 26 11 9 26
5 22 5 5 11 9 11 9 11 9 26 26 26
5 22 5 5 11 9 11 9 11 9 26 26 26
5 5 22 5 11 11 9 9 11 9 26 26 26
5 5 22 5 11 9 11 9 26 26 11 9 26
5 5 22 5 11 9 11 9 26 26 11 9 26 2
5 5 22 5 11 9 11 9 26 11 9 26 26
5 5 22 5 11 9 11 9 11 9 26 26 26
5 5 5 22 11 9 11 9 26 11 9 26 26 2
5 22 5 5 11 9 11 9 11 9 26 26 26
5 22 5 5 11 9 11 9 26 26 11 9 26
5 22 5 5 9 11 9 11 9 11 26 26 26
5 5 5 22 11 9 11 9 11 9 26 26 26
5 22 5 5 26 11 9 11 9 26 11 9 26
5 22 5 5 11 9 11 9 11 9 26 26 26
5 5 5 22 11 9 11 9 11 9 26 26 26 2
5 22 5 5 11 9 11 9 11 9 26 26 26
5 5 5 22 11 9 11 9 11 9 26 26 26
5 5 22 5 11 9 26 11 9 11 9 26 26
5 22 5 5 11 9 11 9 11 9 26 26 26
5 22 5 5 11 9 11 9 11 9 26 26 26 2
5 5 22 5 11 9 26 11 9 26 11 9 26
5 5 22 5 11 9 11 9 26 11 9 26 26 2
5 5 5 22 11 9 11 9 11 9 26 26 26
5 22 5 5 11 9 11 9 26 11 9 26 26
5 22 5 5 11 9 11 9 26 11 9 26 26
5 5 5 22 11 9 11 9 26 11 9 26 26
5 22 5 5 11 9 11 9 11 9 26 26 26
5 22 5 5 11 9 11 9 11 9 26 26 26
5 5 5 22 11 9 11 9 26 26 11 9 26
5 22 5 5 11 9 11 9 11 9 26 26 26 2
5 5 22 5 11 9 11 9 26 11 9 26 26
5 22 5 5 11 9 11 9 11 9 26 26 26
5 5 5 22 11 9 11 9 11 9 26 26 26
5 5 5 22 11 9 11 9 11 9 26 26 26
5 5 5 22 11 9 11 9 26 11 9 26 26
5 5 5 22 11 9 11 9 11 9 26 26 26
5 5 22 5 11 9 11 9 11 9 26 26 26
5 5 5 22 11 9 11 9 11 9 26 26 26
5 5 22 5 11 9 11 9 26 26 11 9 26
5 22 5 5 11 9 11 9 11 9 26 26 26
5 22 5 5 11 9 11 9 26 26 11 9 26
22 5 5 5 11 9 11 9 11 9 26 26 26
5 22 5 5 11 9 11 9 11 9 26 26 26
5 22 5 5 11 9 11 9 11 9 26 26 26 2 2
5 22 5 5 11 9 11 9 11 9 26 26 26 2
5 22 5 5 11 9 11 9 11 9 26 26 26
5 22 5 5 11 9 11 9 11 9 26 26 26
5 22 5 5 11 11 9 9 26 11 9 26 26
5 22 5 5 11 9 11 9 11 9 26 26 26 2
5 5 22 5 11 9 11 9 11 9 26 26 26
5 5 22 5 11 9 11 9 11 9 26 26 26
5 5 5 22 9 11 11 9 11 9 26 26 26
5 22 5 5 11 9 11 9 26 26 11 9 26
5 5 22 5 11 9 11 9 11 9 26 26 26
5 5 22 5 11 9 11 9 11 9 26 26 26
5 22 5 5 11 9 11 9 11 9 26 26 26 2
5 22 5 5 11 9 26 11 9 11 9 26 26
5 22 5 5 11 9 11 9 26 26 11 9 26
5 5 5 22 11 9 11 9 11 9 26 26 26
5 22 5 5 11 9 11 9 11 9 26 26 26
5 22 5 5 11 9 11 9 26 26 11 9 26
5 22 5 5 11 9 11 9 26 26 11 9 26
5 5 5 22 11 9 11 9 11 9 26 26 26
5 5 22 5 11 9 11 9 11 9 26 26 26
5 5 22 5 11 9 11 9 11 9 26 26 26
5 5 22 5 26 11 9 11 9 11 9 26 26
22 5 5 5 11 9 11 9 11 9 26 26 26
5 22 5 5 11 9 11 9 26 11 9 26 26 2
5 22 5 5 11 9 11 9 11 9 26 26 26
5 22 5 5 11 9 11 9 11 9 26 26 26 2
5 22 5 5 11 9 11 9 11 9 26 26 26
5 5 22 5 11 9 26 11 9 11 9 26 26
22 5 5 5 11 9 11 9 11 9 26 26 26 2
5 22 5 5 11 9 11 9 26 26 11 9 26
22 5 5 5 11 9 11 9 11 9 26 26 26
5 22 5 5 11 9 11 9 11 9 26 26 26
5 5 22 5 11 9 11 9 26 11 9 26 26 2
5 22 5 5 11 9 11 9 11 9 26 26 26
5 5 22 5 11 9 11 9 11 9 26 26 26
5 22 5 5 11 11 9 9 11 9 26 26 26 2 2
5 5 22 5 11 9 11 9 11 9 26 26 26
5 22 5 5 11 9 11 9 11 9 26 26 26
5 5 5 22 11 9 11 9 11 9 26 26 26
5 5 22 5 26 11 9 11 9 11 9 26 26
5 22 5 5 26 11 9 11 9 26 11 9 26
5 22 5 5 11 9 11 9 26 26 11 9 26
5 5 22 5 11 9 11 9 11 9 26 26 26 2
5 5 22 5 11 9 11 9 11 9 26 26 26
5 22 5 5 11 9 11 9 11 9 26 26 26
5 22 5 5 11 11 9 9 26 11 9 26 26
5 22 5 5 11 9 11 9 11 9 26 26 26
5 22 5 5 11 9 11 9 11 9 26 26 26
5 5 22 5 11 9 26 11 9 26 11 9 26
5 22 5 5 11 9 11 9 11 9 26 26 26
5 5 22 5 11 9 11 9 26 11 9 26 26
5 5 22 5 11 9 11 9 11 9 26 26 26
22 5 5 5 11 9 11 9 11 9 26 26 26
5 22 5 5 11 9 26 26 11 9 11 9 26
5 5 22 5 11 9 11 9 11 9 26 26 26 2
22 5 5 5 11 9 11 9 11 9 26 26 26
22 5 5 5 11 9 11 9 11 9 26 26 26
5 5 22 5 11 9 11 9 26 26 11 9 26
5 5 5 22 11 9 26 11 9 11 9 26 26 2
5 5 5 22 11 9 11 9 11 9 26 26 26 2
5 5 22 5 11 9 26 11 9 26 11 9 26
5 5 22 5 11 9 11 9 11 9 26 26 26 2
5 22 5 5 11 9 11 9 11 9 26 26 26 2
5 22 5 5 11 9 26 11 9 11 9 26 26
5 5 22 5 11 9 11 9 11 9 26 26 26
5 22 5 5 11 9 11 9 26 26 11 9 26
5 5 22 5 11 9 11 9 11 9 26 26 26
5 5 5 22 11 9 11 9 11 9 26 26 26
5 22 5 5 11 11 9 9 11 9 26 26 26
5 22 5 5 11 9 11 9 26 26 11 9 26
5 5 22 5 11 9 11 9 11 9 26 26 26
5 5 22 5 11 9 11 9 26 11 9 26 26
22 5 5 5 11 9 26 11 9 11 9 26 26
5 22 5 5 11 9 11 9 26 26 11 9 26 2 2
22 5 5 5 11 9 26 11 9 11 9 26 26 2
22 5 5 5 11 9 11 9 11 9 26 26 26
5 5 22 5 11 9 11 9 11 9 26 26 26
5 5 5 22 11 9 11 9 11 9 26 26 26
5 5 22 5 11 9 11 9 11 9 26 26 26
5 5 22 5 11 9 11 9 11 9 26 26 26
5 5 22 5 11 9 11 9 11 9 26 26 26
5 5 5 22 11 9 11 9 11 9 26 26 26
5 5 5 22 11 9 11 9 26 26 26 11 9
5 5 22 5 11 9 11 9 11 9 26 26 26 2
5 5 22 5 26 11 11 9 9 11 9 26 26
5 5 22 5 11 9 11 9 26 26 11 9 26
5 22 5 5 11 9 9 26 11 11 9 26 26 2
5 22 5 5 11 9 11 9 11 9 26 26 26
5 22 5 5 11 9 11 9 11 9 26 26 26
5 22 5 5 11 9 26 11 9 11 9 26 26
5 22 5 5 9 26 11 9 11 11 9 26 26
5 22 5 5 11 9 11 9 26 26 11 9 26
5 22 5 5 11 9 11 9 26 26 11 9 26 2
22 5 5 5 9 26 11 9 11 11 9 26 26
5 5 22 5 11 9 11 9 26 11 9 26 26
5 5 5 22 11 11 9 9 11 9 26 26 26 2
5 5 5 22 11 9 11 9 11 9 26 26 26 2 2
5 5 22 5 11 9 11 9 11 9 26 26 26 2
5 5 22 5 11 9 26 26 11 9 11 9 26
5 5 22 5 11 9 11 9 26 11 9 26 26
5 5 22 5 11 9 26 11 9 26 11 9 26
5 22 5 5 26 11 9 11 9 11 9 26 26
5 22 5 5 26 11 9 11 9 11 9 26 26
5 22 5 5 11 9 26 11 9 11 9 26 26
5 22 5 5 11 9 11 9 11 9 26 26 26
5 22 5 5 11 9 26 11 9 26 11 9 26
5 22 5 5 11 9 26 11 9 11 9 26 26
5 22 5 5 11 9 11 9 11 9 26 26 26
5 5 22 5 11 9 11 9 26 26 11 9 26 2
5 5 22 5 11 9 11 9 11 9 26 26 26
5 22 5 5 11 9 11 9 11 9 26 26 26
5 22 5 5 11 9 11 9 26 26 11 9 26
22 5 5 5 11 9 11 9 26 26 11 9 26 2
22 5 5 5 11 9 26 11 9 11 9 26 26
5 5 5 22 9 11 9 26 26 11 11 9 26
5 5 22 5 11 9 11 9 11 9 26 26 26 2 2
5 5 22 5 11 9 11 9 26 26 11 9 26
5 22 5 5 11 9 11 9 11 9 26 26 26
22 5 5 5 11 9 11 9 26 11 9 26 26
5 22 5 5 11 9 11 9 11 9 26 26 26
5 22 5 5 11 9 11 9 11 9 26 26 26
5 5 22 5 11 9 11 9 11 9 26 26 26
5 5 5 22 11 11 9 9 11 9 26 26 26
5 22 5 5 26 11 11 9 9 11 9 26 26
5 5 5 22 26 11 9 26 11 9 11 9 26
5 22 5 5 11 9 11 9 26 11 9 26 26
5 22 5 5 11 9 11 9 11 9 26 26 26
5 22 5 5 11 9 11 9 11 9 26 26 26 2
5 22 5 5 11 9 11 9 11 9 26 26 26
22 5 5 5 11 11 9 9 11 9 26 26 26
22 5 5 5 11 9 11 9 26 11 9 26 26
5 5 5 22 11 9 11 9 11 9 26 26 26
5 5 5 22 11 9 11 9 11 9 26 26 26
22 5 5 5 11 9 11 9 11 9 26 26 26
5 5 22 5 11 9 26 11 9 11 9 26 26
5 22 5 5 11 9 11 9 11 9 26 26 26
5 5 22 5 11 9 11 9 11 9 26 26 26
5 22 5 5 26 11 9 11 9 11 9 26 26 2
5 5 5 22 11 9 11 9 26 26 26 11 9
5 22 5 5 11 11 9 9 11 9 26 26 26
5 5 5 22 11 9 26 11 9 11 9 26 26 2
5 5 5 22 11 9 26 11 9 11 9 26 26
5 5 22 5 11 9 26 11 9 11 9 26 26
5 5 22 5 11 9 11 9 26 11 9 26 26
5 22 5 5 11 9 11 9 26 26 11 9 26 2
5 5 22 5 11 9 11 9 11 9 26 26 26
5 5 5 22 11 9 26 11 9 11 9 26 26
5 22 5 5 11 9 11 11 9 9 26 26 26
5 5 5 22 26 11 9 11 9 11 9 26 26
5 5 22 5 11 9 11 9 11 9 26 26 26
5 5 22 5 11 9 11 9 11 9 26 26 26 2
5 22 5 5 11 9 11 9 11 9 26 26 26 2
5 22 5 5 9 11 9 26 26 11 9 11 26
5 22 5 5 11 9 11 9 26 11 9 26 26
22 5 5 5 11 9 11 9 26 11 9 26 26
22 5 5 5 11 9 11 9 11 9 26 26 26
5 5 5 22 11 9 11 9 11 9 26 26 26
22 5 5 5 11 9 26 11 9 11 9 26 26
5 22 5 5 11 9 11 9 11 9 26 26 26
5 22 5 5 11 11 11 9 9 9 26 26 26
5 5 5 22 11 9 11 9 11 9 26 26 26
5 22 5 5 11 9 11 9 26 11 9 26 26
5 5 22 5 26 11 11 9 9 26 26 11 9
5 5 22 5 26 11 9 11 9 11 9 26 26
5 22 5 5 11 9 26 11 9 11 9 26 26
5 22 5 5 11 9 11 9 26 11 9 26 26
5 5 22 5 11 9 11 9 26 11 9 26 26
5 22 5 5 11 9 11 9 11 9 26 26 26
5 22 5 5 11 9 11 9 11 9 26 26 26
22 5 5 5 11 9 11 9 11 9 26 26 26
5 5 5 22 11 9 11 9 26 11 9 26 26 2
5 5 22 5 11 9 26 11 9 11 9 26 26 2
5 5 5 22 11 9 11 11 9 9 26 26 26 2 2
22 5 5 5 11 9 26 11 9 11 9 26 26 2
5 5 22 5 11 9 11 9 26 11 9 26 26 2
5 5 22 5 11 9 11 9 11 9 26 26 26
5 22 5 5 11 9 26 11 11 9 9 26 26
5 5 5 22 11 9 11 9 11 9 26 26 26
22 5 5 5 11 9 11 9 26 26 11 9 26 2
22 5 5 5 11 9 11 9 26 11 9 26 26 2
5 22 5 5 11 11 9 9 26 26 11 9 26
5 22 5 5 11 9 11 9 26 26 26 11 9
22 5 5 5 11 9 11 9 11 9 26 26 26
5 5 5 22 9 11 11 9 26 26 11 9 26
5 5 5 22 11 9 26 11 9 11 9 26 26 2
5 5 22 5 11 11 9 9 26 26 11 9 26
5 5 22 5 11 9 11 9 11 9 26 26 26
5 22 5 5 11 9 11 9 11 9 26 26 26
22 5 5 5 11 9 11 9 11 9 26 26 26 2
5 22 5 5 11 9 11 9 26 26 11 9 26
22 5 5 5 26 26 11 9 11 9 11 9 26
5 5 5 22 26 11 9 11 9 11 9 26 26
5 5 5 22 11 9 26 11 9 26 11 9 26
5 22 5 5 26 11 11 9 9 11 9 26 26
5 22 5 5 11 9 26 11 9 11 9 26 26
5 22 5 5 26 11 9 11 9 11 9 26 26 2
5 22 5 5 11 11 9 9 26 26 11 9 26
22 5 5 5 11 9 11 9 26 11 9 26 26
22 5 5 5 11 9 11 9 9 26 11 26 26
5 5 22 5 11 9 11 9 11 9 26 26 26
5 22 5 5 11 9 11 9 11 9 26 26 26
5 5 5 22 11 9 11 9 26 26 11 9 26 2
5 22 5 5 26 11 9 26 11 9 11 9 26 2
22 5 5 5 11 9 11 9 26 11 9 26 26
5 22 5 5 11 9 11 9 11 9 26 26 26
22 5 5 5 11 9 26 26 11 9 11 9 26
5 5 5 22 11 9 11 9 11 9 26 26 26 2
5 22 5 5 11 9 11 9 11 9 26 26 26
5 5 22 5 11 9 26 11 9 11 9 26 26
5 5 5 22 26 11 9 11 9 26 11 9 26
5 5 5 22 11 9 26 11 9 11 9 26 26
5 22 5 5 11 9 11 9 11 9 26 26 26
5 5 22 5 11 9 11 9 26 11 9 26 26 2
22 5 5 5 26 11 11 9 9 11 9 26 26 2
5 5 5 22 9 11 9 26 11 26 11 9 26 2
5 5 22 5 26 11 9 11 9 11 9 26 26
5 5 5 22 11 9 11 9 26 11 9 26 26 2 2
5 5 22 5 11 9 26 11 9 11 9 26 26
5 22 5 5 11 9 11 9 11 9 26 26 26
5 5 22 5 11 9 11 9 11 9 26 26 26
22 5 5 5 26 11 9 11 9 11 9 26 26
5 22 5 5 26 11 9 11 9 11 9 26 26
5 5 5 22 11 9 11 9 11 9 26 26 26 2
5 5 22 5 11 9 26 11 9 11 9 26 26
5 5 22 5 11 9 11 9 11 9 26 26 26
5 5 5 22 26 11 9 11 9 11 9 26 26
5 5 5 22 11 9 11 9 26 26 11 9 26
5 22 5 5 11 9 11 9 26 11 9 26 26
5 22 5 5 26 11 9 11 9 11 9 26 26 2
5 22 5 5 26 11 9 11 9 26 26 11 9
5 22 5 5 11 9 11 9 11 9 26 26 26
22 5 5 5 26 11 9 11 9 26 11 9 26
22 5 5 5 11 9 11 9 11 9 26 26 26
22 5 5 5 26 11 9 11 9 26 11 9 26
5 22 5 5 11 9 11 9 26 26 11 9 26
5 22 5 5 26 11 9 11 9 11 9 26 26
5 5 22 5 26 11 9 26 11 9 11 9 26 2
5 5 22 5 11 9 26 11 9 11 9 26 26
5 5 22 5 11 9 11 9 11 9 26 26 26 2 2
22 5 5 5 9 11 9 11 9 26 26 11 26
5 22 5 5 11 9 11 9 26 11 9 26 26 2
5 22 5 5 11 9 11 9 11 9 26 26 26
5 5 22 5 11 9 11 9 11 9 26 26 26
5 22 5 5 11 9 11 9 26 11 9 26 26
5 5 22 5 26 11 11 9 9 11 9 26 26 2
5 22 5 5 11 9 11 9 11 9 26 26 26 2
5 22 5 5 11 9 11 9 11 9 26 26 26 2
5 22 5 5 11 9 11 9 26 26 11 9 26
22 5 5 5 9 11 9 26 11 11 9 26 26
5 22 5 5 11 9 11 9 11 9 26 26 26
5 5 5 22 9 26 11 9 11 11 9 26 26
5 5 22 5 11 9 11 9 11 9 26 26 26
5 22 5 5 26 11 9 11 11 9 9 26 26
5 22 5 5 26 11 9 11 9 26 11 9 26
5 22 5 5 11 9 11 9 11 9 26 26 26
5 22 5 5 26 11 11 9 9 26 11 9 26
5 5 22 5 26 11 9 11 9 11 9 26 26
22 5 5 5 11 9 11 9 11 9 26 26 26
5 5 22 5 11 9 26 11 9 26 26 11 9
5 22 5 5 26 11 11 9 9 26 11 9 26
22 5 5 5 26 26 11 9 11 9 11 9 26 2 2
22 5 5 5 11 9 26 11 9 11 9 26 26
22 5 5 5 11 9 11 9 11 9 26 26 26
5 22 5 5 26 11 9 11 9 11 9 26 26
5 5 5 22 11 9 11 9 26 11 9 26 26
5 5 22 5 26 11 9 11 9 26 26 11 9
22 5 5 5 11 9 11 9 11 9 26 26 26
5 22 5 5 11 9 11 9 26 11 9 26 26
5 22 5 5 11 9 11 9 11 9 26 26 26
5 5 22 5 26 11 9 9 26 11 9 11 26
22 5 5 5 11 9 11 9 9 11 26 26 26
22 5 5 5 9 11 9 26 11 11 9 26 26
5 5 22 5 11 9 11 9 26 26 11 9 26
5 5 22 5 9 9 26 11 9 11 11 26 26 2
5 5 22 5 11 9 11 9 11 9 26 26 26 2
5 5 5 22 26 11 9 11 9 11 9 26 26
5 5 5 22 11 9 11 9 11 9 26 26 26
22 5 5 5 26 11 9 26 11 9 11 9 26
5 5 22 5 26 11 9 11 9 26 11 9 26
5 22 5 5 11 9 11 9 11 9 26 26 26
5 22 5 5 11 9 26 11 9 11 9 26 26
5 5 22 5 26 26 11 9 11 9 11 9 26
22 5 5 5 11 9 11 9 26 11 9 26 26
22 5 5 5 11 9 11 9 11 9 26 26 26
5 5 22 5 11 9 11 9 11 9 26 26 26
5 5 5 22 11 9 26 11 9 11 9 26 26
5 5 5 22 11 9 11 9 26 26 11 9 26
5 5 5 22 11 9 11 9 11 9 26 26 26
5 5 22 5 26 11 9 26 11 9 11 9 26
22 5 5 5 26 11 11 9 9 11 9 26 26 2
22 5 5 5 11 9 11 9 11 9 26 26 26
5 5 5 22 26 11 9 11 9 11 9 26 26
5 22 5 5 11 9 11 9 11 9 26 26 26
5 5 22 5 26 11 9 9 26 11 9 11 26
5 5 22 5 26 11 9 11 9 26 11 9 26 2
5 5 22 5 26 11 9 26 11 9 11 9 26
22 5 5 5 11 9 11 9 11 9 26 26 26 2
22 5 5 5 11 9 11 9 26 11 9 26 26
5 5 5 22 11 9 11 9 11 9 26 26 26
5 5 22 5 11 9 11 9 26 11 9 26 26
5 5 5 22 11 9 11 9 11 9 26 26 26
5 5 22 5 11 9 11 9 26 11 9 26 26
5 5 22 5 11 9 26 11 9 11 9 26 26
5 22 5 5 11 9 11 9 26 26 11 9 26
5 5 5 22 11 9 11 9 11 9 26 26 26
5 5 22 5 9 26 26 11 9 11 11 9 26 2
22 5 5 5 11 11 9 9 11 9 26 26 26
22 5 5 5 26 26 26 11 9 11 9 11 9
5 5 5 22 11 9 11 9 11 9 26 26 26
5 5 5 22 11 9 11 9 11 9 26 26 26
5 5 22 5 11 9 11 9 26 11 9 26 26
5 22 5 5 11 9 11 9 26 26 11 9 26 2
5 22 5 5 11 11 9 9 11 9 26 26 26
5 22 5 5 26 26 11 9 11 9 11 9 26
22 5 5 5 26 11 9 11 9 11 9 26 26
22 5 5 5 26 11 9 11 9 11 9 26 26
5 22 5 5 11 9 11 9 11 9 26 26 26
5 22 5 5 11 11 9 9 11 9 26 26 26
5 5 22 5 11 9 11 9 11 9 26 26 26
5 5 5 22 11 9 11 9 11 9 26 26 26
5 22 5 5 26 11 9 11 9 11 9 26 26
5 22 5 5 26 11 9 11 9 26 11 9 26
5 22 5 5 11 9 11 9 11 9 26 26 26
22 5 5 5 26 11 9 11 9 11 9 26 26
22 5 5 5 26 11 9 11 9 11 9 26 26
5 5 5 22 26 11 9 11 9 26 11 9 26 2
5 5 22 5 26 11 11 9 9 11 9 26 26
5 5 22 5 11 9 11 9 26 11 9 26 26
5 22 5 5 11 9 11 9 26 11 9 26 26
5 5 22 5 26 11 9 26 11 9 26 11 9
5 22 5 5 11 9 11 9 11 9 26 26 26
5 22 5 5 11 9 11 9 11 9 26 26 26
5 22 5 5 11 9 11 9 26 26 11 9 26
5 22 5 5 11 9 11 9 11 9 26 26 26
5 5 5 22 11 9 11 9 26 26 26 11 9
5 5 22 5 11 9 26 11 9 26 11 9 26
5 22 5 5 11 9 11 9 11 9 26 26 26
5 22 5 5 11 9 11 9 26 26 11 9 26
5 5 5 22 11 9 11 9 11 9 26 26 26 2
5 22 5 5 11 9 11 9 11 9 26 26 26
22 5 5 5 11 9 11 9 11 9 26 26 26 2
22 5 5 5 26 11 9 11 9 26 11 9 26
22 5 5 5 11 9 26 9 11 9 26 26 11
22 5 5 5 11 9 9 11 9 26 26 26 11
5 22 5 5 11 9 11 9 26 11 9 26 26
5 5 5 22 9 26 11 26 11 9 26 11 9 2
5 5 22 5 26 11 9 11 9 11 9 26 26
5 5 22 5 11 9 11 9 26 11 9 26 26
5 5 22 5 11 9 11 11 9 9 26 26 26
5 22 5 5 26 11 11 9 9 11 9 26 26
22 5 5 5 26 11 11 9 9 11 9 26 26
22 5 5 5 11 9 11 9 11 9 26 26 26
5 5 22 5 26 11 9 11 9 11 9 26 26
5 5 5 22 11 9 9 11 9 11 26 26 26 2
5 5 22 5 11 9 11 9 11 9 26 26 26
5 22 5 5 26 26 11 9 11 9 11 9 26
5 22 5 5 26 26 11 9 11 9 11 9 26
22 5 5 5 26 11 9 11 9 26 11 9 26
22 5 5 5 11 9 11 9 26 11 9 26 26
22 5 5 5 26 11 9 11 9 11 9 26 26
5 5 22 5 26 11 9 11 9 11 9 26 26
22 5 5 5 11 9 11 9 11 9 26 26 26
5 5 22 5 11 9 11 9 11 9 26 26 26 2
5 22 5 5 9 11 9 26 11 11 9 26 26
5 5 5 22 26 26 11 9 26 11 9 11 9
5 5 22 5 9 11 9 26 26 11 11 9 26
5 5 22 5 11 9 11 9 11 9 26 26 26
5 22 5 5 26 26 11 9 11 9 26 11 9
22 5 5 5 11 9 11 9 26 26 26 11 9
22 5 5 5 11 9 11 9 11 9 26 26 26
5 22 5 5 11 9 11 9 11 9 26 26 26
5 5 22 5 11 9 11 9 11 9 26 26 26 2
5 5 22 5 11 9 11 9 26 26 11 9 26 2
5 22 5 5 26 26 11 11 9 9 11 9 26 2
5 22 5 5 11 9 11 9 26 11 9 26 26
22 5 5 5 26 11 9 26 11 9 26 11 9 2
5 5 22 5 11 9 11 9 11 9 26 26 26
5 5 22 5 26 26 11 9 26 11 9 11 9
5 5 22 5 11 9 11 9 26 11 9 26 26
22 5 5 5 26 11 11 9 9 26 11 9 26
22 5 5 5 26 11 9 11 9 11 9 26 26
5 5 22 5 11 9 26 11 9 11 9 26 26
5 5 22 5 26 11 9 11 9 11 9 26 26
5 5 22 5 26 11 11 9 9 11 9 26 26
5 22 5 5 11 9 11 9 26 11 9 26 26
5 5 22 5 26 11 9 11 9 11 9 26 26
5 22 5 5 11 9 11 9 11 9 26 26 26
5 22 5 5 11 9 26 11 9 11 9 26 26
22 5 5 5 26 11 9 11 9 11 9 26 26
5 5 22 5 11 9 11 9 26 11 9 26 26
5 22 5 5 11 9 11 9 11 9 26 26 26
5 5 22 5 11 9 11 9 11 9 26 26 26
5 5 5 22 11 9 11 9 11 9 26 26 26
5 5 5 22 11 9 26 11 9 11 9 26 26
5 5 22 5 11 11 9 9 26 11 9 26 26
5 22 5 5 11 9 11 9 11 9 26 26 26
5 5 22 5 26 11 9 11 9 26 26 11 9
5 5 22 5 26 11 9 11 9 11 9 26 26
5 22 5 5 11 9 11 9 11 9 26 26 26
22 5 5 5 11 9 11 9 26 11 9 26 26
22 5 5 5 26 11 9 11 9 11 9 26 26 2
5 5 22 5 11 9 11 9 26 11 9 26 26
5 22 5 5 26 26 11 9 11 9 11 9 26
22 5 5 5 26 11 9 11 9 11 9 26 26
22 5 5 5 26 26 11 9 11 9 26 11 9
5 22 5 5 26 11 9 26 11 9 11 9 26
5 5 22 5 26 11 9 11 9 11 9 26 26 2
5 5 22 5 11 9 26 11 9 26 11 9 26
5 5 22 5 11 9 26 11 9 11 9 26 26
5 5 5 22 26 11 9 11 9 11 9 26 26 2
5 5 22 5 11 9 11 9 26 11 9 26 26
5 5 22 5 11 9 11 9 26 11 9 26 26
5 22 5 5 26 11 9 11 9 26 11 9 26
5 22 5 5 26 11 9 11 9 26 26 11 9
22 5 5 5 26 11 9 11 9 11 9 26 26
22 5 5 5 26 11 9 11 9 9 26 26 11
22 5 5 5 26 11 9 11 9 11 9 26 26
5 5 22 5 11 9 11 9 11 9 26 26 26
5 22 5 5 9 11 9 26 11 9 26 11 26
5 22 5 5 26 11 9 11 9 11 9 26 26
5 22 5 5 26 11 9 11 11 9 9 26 26
5 5 22 5 26 11 9 11 9 11 9 26 26
22 5 5 5 26 11 9 11 9 26 11 9 26
22 5 5 5 11 9 11 9 26 11 9 26 26 2
5 22 5 5 11 9 26 11 9 11 9 26 26
5 5 5 22 9 11 26 11 9 11 9 26 26
5 5 22 5 26 26 11 9 11 9 11 9 26
5 5 22 5 26 11 9 11 9 26 26 11 9
5 22 5 5 26 11 9 11 9 11 9 26 26
22 5 5 5 26 11 9 11 9 11 9 26 26
22 5 5 5 11 9 11 9 11 9 26 26 26
5 5 5 22 26 11 9 11 9 26 11 9 26
5 5 5 22 26 11 9 11 9 26 11 9 26
22 5 5 5 11 9 11 9 26 11 9 26 26
22 5 5 5 9 26 11 9 26 11 11 9 26
5 5 22 5 11 9 11 9 26 11 9 26 26
5 22 5 5 26 11 9 11 9 11 9 26 26
22 5 5 5 26 26 11 9 11 9 11 9 26
22 5 5 5 11 9 11 9 11 9 26 26 26
5 5 5 22 26 11 9 11 9 11 9 26 26
5 22 5 5 11 9 11 9 11 9 26 26 26
5 5 22 5 11 9 11 9 11 9 26 26 26
5 5 22 5 26 11 9 11 9 11 9 26 26
5 5 22 5 11 9 11 9 11 9 26 26 26
5 5 22 5 26 11 9 11 9 11 9 26 26
22 5 5 5 26 26 11 9 11 9 11 9 26 2
5 5 5 22 11 9 26 11 9 11 9 26 26
5 22 5 5 26 11 9 11 9 11 9 26 26
5 5 22 5 11 9 11 9 11 9 26 26 26 2
5 22 5 5 26 11 9 11 9 11 9 26 26
5 5 5 22 26 11 9 11 9 11 9 26 26 2
5 22 5 5 26 26 11 9 11 9 11 9 26
22 5 5 5 26 11 9 11 9 11 9 26 26
5 5 22 5 11 9 26 11 9 11 9 26 26
5 5 22 5 11 9 26 26 11 9 11 9 26
5 5 22 5 26 11 9 11 9 11 9 26 26
5 5 22 5 26 11 9 11 11 9 9 26 26 2
22 5 5 5 26 11 9 11 9 11 9 26 26 2
22 5 5 5 9 26 11 9 26 26 11 11 9
22 5 5 5 26 26 11 11 9 9 26 11 9
5 5 22 5 11 9 11 9 26 11 9 26 26 2
5 5 5 22 26 26 11 9 11 9 11 9 26
5 5 22 5 26 26 11 9 11 9 11 9 26 2
5 5 22 5 11 9 11 9 26 11 9 26 26
22 5 5 5 9 26 11 9 11 9 11 26 26
22 5 5 5 11 9 26 9 11 9 11 26 26
5 5 22 5 26 11 9 26 11 9 11 9 26
5 5 22 5 26 11 9 11 9 11 9 26 26
22 5 5 5 26 11 9 11 9 11 9 26 26
5 5 22 5 11 9 11 9 26 11 9 26 26
5 5 22 5 11 9 11 9 26 11 9 26 26
5 22 5 5 26 11 9 11 9 11 9 26 26
5 22 5 5 26 11 9 11 9 26 26 11 9
22 5 5 5 11 9 11 9 11 9 26 26 26
22 5 5 5 26 11 9 11 9 11 9 26 26
22 5 5 5 11 9 11 9 26 11 9 26 26
5 22 5 5 11 9 11 9 11 9 26 26 26
5 22 5 5 26 26 26 11 9 11 9 11 9
5 5 5 22 26 26 11 9 11 9 11 9 26 2
5 5 5 22 26 11 9 11 9 26 11 9 26 2